0111,0100,1000
010000000,00,1
01000,1000,111
01000000,11,00
000000,01111,1
0100000,000,11
010000,1000,11
0000000,0111,1
010000,00100,1
00111,0000,011
01000000,000,1
010000,01111,1
010000,1011,00
01100000,11,00
001000,01000,1
0100000,011,00
010000,0111,00
00100000,000,1
001000,01111,1
00111,0111,000
0111,1011,0000
0100000,0000,1
010000,1111,00
010100000,00,1
01010000,11,00
01111,1011,000
01000,10000,11
010000,011,000
0111,1011,1000
011000,01000,1
0100000,111,00
0100000,0111,1
01010000,000,1
0111,1011,0100
010010000,00,1
0010000,000,11
00100,10000,11
011000,0100,11
00110000,000,1
011000,01111,1
0010000,0000,1
010000,111,000
01001000,11,00
00100,01000,11
000100,01111,1
001000,011,000
0110000,111,00
01110000,000,1
0010000,0111,1
011000,0111,00
010100,01111,1
0101000,011,00
01011,01000,00
01001000,000,1
001000,111,000
0101000,111,00
011011,00000,1
010001000,00,1
00101000,000,1
0100100,011,00
011011,01000,1
010100,1000,11
011001000,00,1
011011,00100,1
01111,00000,11
0100100,111,00
010111,011,000
01000100,11,00
0110000,0111,1
010101000,00,1
010111,00000,1
010111,1011,00
001111,011,000
01111,10000,00
01000100,000,1
010111,01000,1
0111011,000,11
0001000,0000,1
01111011,11,00
010011000,00,1
011111,0000,11
011111,111,000
010111,00100,1
0001000,0111,1
01111,10000,11
00100100,000,1
01110111,11,00
011011000,00,1
011111,1000,11
01111,01000,00
0110111,000,11
01101011,000,1
001111,00000,1
0101000,0100,1
01111,01000,11
0101111,000,11
001111,01000,1
01011011,000,1
010000100,00,1
011111,0100,11
01111,00100,11
001111,00100,1
0101111,011,00
0101000,0111,1
01101111,11,00
00111011,000,1
01111,11011,00
001111,01111,1
0011111,000,11
011111,1011,00
01111,10111,00
011111,00000,1
01111011,000,1
0011000,0111,1
0111111,000,11
01011111,11,00
011111,01000,1
010100100,00,1
01100111,000,1
0111111,111,00
011111,00100,1
0000100,0111,1
01010111,000,1
01111111,11,00
00110111,000,1
0100100,0111,1
010010100,00,1
01110111,000,1
0010100,0111,1
011101011,00,1
01001111,000,1
0111011,0000,1
00101111,000,1
011011011,00,1
0111011,0100,1
01101111,000,1
010111011,00,1
01011111,000,1
011111011,00,1
0100111,0111,1
00111111,000,1
01111111,000,1
0110111,0000,1
011100111,00,1
0110111,0100,1
0110111,0111,1
011010111,00,1
0101111,0000,1
010110111,00,1
0101111,0100,1
011110111,00,1
0011111,0000,1
011001111,00,1
010101111,00,1
0111111,0000,1
011101111,00,1
0111111,0100,1
011011111,00,1
010111111,00,1
011111111,00,1
