000000,00111,01011
00000000,0111,1011
01000000000,000,11
000000000,01111,11
0000000,00111,0111
0100000000,011,000
000000,01111,11011
0000000,010111,011
010000000000,000,1
010000,100000,0111
10000000,0111,0000
01000000000,011,00
000000,01111,00111
0000000,001111,011
100000000,01111,00
1100000,0100000,00
0000000,10111,0111
000000,01111,10111
1000000000,0111,00
0100000000,111,000
001000,100000,0111
0100000000000,00,1
001000000000,000,1
01000000000,111,00
0000000,011111,111
010000000,00000,11
10000000,0111,0100
0010000,0100000,11
0000000,01111,1011
0010000000,011,000
001000,010000,1011
100000,01111,01000
010000000,10000,00
01000000,1011,0000
001000,010000,0111
1010000,0100000,00
010000000,00100,11
1000000,01000,0111
1000000,011011,000
100000,01111,00100
0010000000,111,000
010000000,01011,00
1000000,010111,000
01000000,0111,0000
0101000000000,00,1
010000,00100,10000
001000,010000,1111
0100000000,0000,11
1000000,00100,0111
010000000,11011,00
0110000000,111,000
1000000,001111,000
01000000,0111,1000
101000,010000,0111
010000,01011,00100
010000000,10111,00
0100000000,1011,00
00100000000,000,11
010000,11011,00100
1000000,011111,000
0101000000,011,000
1000000,01111,0000
0110000,0100000,00
010000000,01111,00
010000,00111,00100
0100000,100000,000
011000,000000,0111
01100000000,000,11
0100100000000,00,1
0100000000,0111,00
010000,00111,01011
010000000,01111,11
0110000,0100000,11
0101000000,111,000
01000000,0111,1011
1000000,01111,0100
010000,10111,00100
010000000,11111,00
0100000,001000,011
011000,010000,1011
01000000,1111,0000
0100000000,1111,00
010000,01111,10000
0011000000,011,000
011000,010000,0111
0100000,001000,111
0100000,10000,0111
00100000,1011,0000
010000,01111,00100
110000000,01111,00
011000,010000,1111
0100000,011000,000
00100000,0111,0000
0010000000,0000,11
0110000,0010000,11
0011000000,111,000
01100000000,111,00
001000000,00000,11
0100000,00100,1011
0100000,011000,111
00100000,0111,1011
01010000000,000,11
001000000,01000,11
010100000000,000,1
0111000000,111,000
00100000,1111,0000
0100010000000,00,1
0100000,000100,011
01010000000,011,00
011000,001000,0111
010000,01111,11011
0100000,00100,0111
10100000,0111,0100
001000000,01111,11
0100100000,011,000
0100000,000100,111
001100000000,000,1
0001000,0100000,11
010000,01111,00111
0100000,101011,000
0100100000,111,000
0100000,00100,1111
0110010000000,00,1
01010000000,111,00
0001000,0010000,11
101000000,01111,00
0100000,011011,000
011000,101000,0111
010000,01111,10111
0010100000,011,000
010010000000,000,1
01100000,1011,0100
0100000,111011,000
00110000000,000,11
0101010000000,00,1
010000,11111,00100
000100,100000,0111
0100000,01011,0000
0010100000,111,000
1010000000,0111,00
01100000,0111,0000
0100000,100111,000
000100,010000,1011
110000,01111,01000
0110100000,111,000
0100000,010111,000
01100000,0111,1000
0110000000,0000,11
01110000000,111,00
000100,010000,0111
0100000,11011,0000
0100000,010111,011
01100000,0111,0100
0110000000,0100,11
01001000000,000,11
000100,010000,1111
011000000,01000,11
001000,01000,10000
0100000,110111,000
0100110000000,00,1
01100000,0111,1011
0100000,00111,0000
01001000000,011,00
0101100000,111,000
000100,001000,1011
0110000000,1011,00
001010000000,000,1
011000000,00100,11
0100000,001111,000
001000,01011,01000
0110000000,0111,00
0101000,0010000,11
01001000000,111,00
000100,001000,0111
0100000,00111,0111
0011100000,111,000
0100001000000,00,1
011000000,11011,00
001000,11011,01000
0110000000,1111,00
00101000000,000,11
000100,001000,1111
01100000,1111,0100
0100000,10111,0000
001000,00111,01000
011000000,10111,00
0101001000000,00,1
0001000000,0000,11
00010000,1011,0000
0100010000,011,000
0100000,001111,011
0100000,10111,0111
01101000000,000,11
011000000,01111,00
0101000,0110000,11
001000,00111,01011
0100000,101111,000
00010000,0111,0000
1001000000,0111,00
0111001000000,00,1
0100010000,111,000
0100000,01111,0000
0100000,011111,000
01101000000,111,00
000100,011000,0111
0101000,1001000,00
001000,10111,01000
0100000,011111,111
0101000000,0000,11
0100101000000,00,1
00010000,0111,1011
010001000000,000,1
0010010000,011,000
0100000,01111,1000
011000000,01111,11
0011000,0100000,11
001000,01111,10000
0100000,111111,000
100100,011000,0111
0101000000,0100,11
001001000000,000,1
0010000,100000,000
0010010000,111,000
010100,100000,0111
00010000,1111,0000
0011000,0010000,11
011000000,11111,00
001000,01111,01000
011001000000,000,1
0100000,01111,1011
0101000000,1011,00
0010000,010000,000
0011000,0110000,11
010101000000,000,1
0110010000,111,000
10010000,0111,0100
0011000,0101000,11
0100000,11111,0000
01011000000,000,11
0101000000,0111,00
001000,01111,11011
0010000,010000,011
001101000000,000,1
1011000,0100000,00
1100000,01111,0100
0101010000,011,000
01010000,0100,1000
0010000,010000,111
1011000,0110000,00
001000,01111,00111
0010000,10000,0111
0100011000000,00,1
0101000000,1111,00
0010000,011000,000
000100000,00000,11
1011000,0101000,00
0101010000,111,000
001000,01111,10111
01011000000,111,00
010011000000,000,1
000100000,01111,11
0000100,0100000,11
0010000,01000,1011
0010000,000100,011
001000,11111,01000
00111000000,000,11
001011000000,000,1
0011010000,011,000
100100000,01000,00
01010000,1011,0100
0010000,01000,0111
0010000,000100,111
010100,101000,0111
0000100,0010000,11
101000,01111,01000
100100000,01111,00
0010000,101011,000
0010000,01000,1111
01010000,0111,1000
0010000,011011,000
0010000,01011,0000
0011000000,0000,11
011000,00100,01000
0011010000,111,000
010100000,10000,00
0010000,111011,000
0010000,11011,0000
01010000,0111,0100
0010000,100111,000
0000100,0001000,11
0010000,00111,0000
01000100000,000,11
0010000,010111,000
0010000,00111,0111
01010000,0111,1011
011000,11011,01000
0010000,010111,011
1000100,0100000,00
0010000,10111,0000
01000100000,011,00
0100110000,011,000
010100,011000,1011
011111000000,000,1
01010000,1111,0100
0111000000,1111,00
0100000100000,00,1
01000100000,111,00
010100,011000,0111
010100000,01000,11
0010000,10111,0111
010000100000,000,1
0100110000,111,000
00110000,0111,1011
0010000,110111,000
011000,00111,00000
1000100,0101000,00
010100000,00100,11
010100,011000,1111
0010000,001111,000
00100100000,000,11
001000100000,000,1
0010110000,011,000
010100000,01011,00
10110000,0111,0000
011000,00111,01000
1000100000,0111,00
0010000,001111,011
010100,100100,0111
010100000,11011,00
01100100000,000,11
011000100000,000,1
0010000,101111,000
0010110000,111,000
011000,00111,00100
0100100000,0000,11
0101000100000,00,1
010100000,10111,00
101011,000000,0111
0010000,011111,000
01100100000,111,00
010100100000,000,1
0100100,0110000,11
010100000,01111,00
0010000,011111,111
0100100000,1011,00
0111000100000,00,1
101011,010000,0111
0100100,1001000,00
01010100000,000,11
001100100000,000,1
010100000,01111,11
01110000,1011,0000
0101110000,011,000
0010000,111111,000
011000,10111,01000
0100100000,0111,00
101011,001000,0111
0100100100000,00,1
010100000,11111,00
0100100,0101000,11
01010100000,011,00
011100100000,000,1
0110000,010000,000
0010000,01111,0000
0100100,0011000,11
0110100100000,00,1
01010100000,111,00
010010100000,000,1
0110000,010000,111
0100100,1011000,00
0100001000,011,000
011000,01111,00000
101011,011000,0100
0100100000,1111,00
0101100100000,00,1
110100000,01111,00
00110100000,000,11
001010100000,000,1
011000,01111,01000
01110000,1111,0100
0100001000,111,000
0010100,0100000,11
001100000,01000,11
0010100000,0000,11
0111100100000,00,1
0010100,0110000,11
101011,011000,0111
001100000,00100,11
00001000,0111,1011
0010001000,011,000
0110000,001000,000
0010100,0101000,11
0100010100000,00,1
001100000,01111,11
1010100000,0111,00
101011,000100,0111
0010100,0011000,11
10001000,0111,0100
0010001000,111,000
01110100000,111,00
0110010100000,00,1
0110000,001000,111
0010100,0100100,11
101100000,01111,00
101011,010100,0111
01001000,0111,1000
0101011,0100000,00
0110001000,111,000
0101010100000,00,1
01001100000,000,11
011011,100000,0100
0101011,0101000,00
0110100000,0100,11
011110100000,000,1
01001000,0111,1011
0101001000,011,000
0101011,0100100,00
0110000,010100,111
01001100000,011,00
011011,010000,1000
0110100000,1011,00
00101000,0111,1011
010001100000,000,1
0100110100000,00,1
1101011,0100000,00
0101001000,111,000
01001100000,111,00
011011,101000,0100
10101000,0111,0100
0010000,01111,1011
0110000,011011,000
001001100000,000,1
011100000,11011,00
011011,011000,0000
011100000,10111,00
00101100000,000,11
011011,011000,0100
0100001100000,00,1
0010000,11111,0000
0110100000,0111,00
1101011,0110000,00
01101000,1011,0100
011011,010100,1000
0110000,010111,000
1101011,0101000,00
1101011,0100100,00
0011001000,011,000
011000,01111,00100
0101001100000,00,1
011011,101011,0000
0110100000,1111,00
1011011,0100000,00
01101100000,111,00
011100000,01111,00
0011001000,111,000
011011,101011,0100
01101000,0111,0000
0100101100000,00,1
011000,01111,11011
1010000,01000,0111
011100000,01111,11
0001100000,0000,11
1010000,00100,0111
01101000,0111,0100
111011,011000,0100
011100000,11111,00
0110000,001111,000
011101100000,000,1
011000,01111,00111
1001100000,0111,00
000010000,00000,11
01101000,0111,1011
0100101000,011,000
100111,011000,0100
011000,01111,10111
1010000,01111,0100
000010000,01111,11
0111101100000,00,1
01011100000,111,00
0100101000,111,000
100010000,01000,00
100111,011011,0000
0110000,011111,000
0101100000,0100,11
0100011100000,00,1
100010000,01111,00
0110000,00000,0111
0010101000,011,000
100111,011011,0100
01101000,1111,0100
010010000,10000,00
011000,11111,01000
01000010000,000,11
011011100000,000,1
0110000,011111,111
0101100000,1011,00
010111,000000,1011
010010000,01000,00
0010101000,111,000
00011000,0111,1011
01000010000,011,00
010111,100000,0100
010111100000,000,1
010010000,01000,11
0101100000,0111,00
0110000,01000,1011
000100,00111,01011
010111,010000,1000
010010000,00100,11
0110000,01000,0111
10011000,0111,0100
01000010000,111,00
010000010000,000,1
010111,010000,1011
0111011100000,00,1
000100,01111,11011
010010000,01011,00
0110000,01000,1111
0001000,010000,011
0101100000,1111,00
0101101000,011,000
010111,001000,1011
0110000,00100,1011
010010000,11011,00
00100010000,000,11
000100,01111,00111
001000010000,000,1
010111,101000,0100
0110000,00100,0111
010010000,10111,00
01011000,1011,0100
0001000,010000,111
010111,011000,0000
010010000,01111,00
01100010000,000,11
1011011,0110000,00
0110111100000,00,1
010010000,01111,11
010111,011000,0100
0100011000,011,000
0001000,001000,011
0110000,00100,1111
01100010000,111,00
0100000010000,00,1
000100,01111,10111
01011000,0111,0000
010111,011000,1011
010010000,11111,00
010100010000,000,1
0001000,001000,111
01010010000,000,11
010100,01111,10000
0100011000,111,000
110010000,01000,00
0111100000,0000,11
0101000010000,00,1
0110000,11011,0100
01010010000,011,00
010111,000100,1011
01011000,0111,0100
1011011,0101000,00
0110000,00111,0000
0010011000,011,000
001100010000,000,1
01010010000,111,00
0001000,010111,011
110010000,01111,00
1011011,0100100,00
010100,01111,11011
01011000,0111,1011
0110000,00111,0111
0001000,001111,011
00110010000,000,11
001010000,01000,11
010100,01111,10111
0111011,0000000,11
011100010000,000,1
0010011000,111,000
0100100010000,00,1
0001000,011111,111
010111,010100,1000
001010000,00100,11
0110000,10111,0100
0111011,1000000,00
0101000,001000,011
010010010000,000,1
01110010000,111,00
101011,00100,01000
0110000,10111,0111
01011000,1111,0100
001010000,01111,11
0111011,0100000,00
0101000,001000,111
101011,01111,00000
01001010000,000,11
0110000,01111,0000
0111100010000,00,1
0101011000,011,000
0101000,011000,111
001010010000,000,1
0111011,0100000,11
101011,01111,01000
0110000,01111,1000
101010000,01111,00
0101000,010111,011
1000010000,0111,00
00000100,0111,1011
0100010010000,00,1
01001010000,011,00
011010010000,000,1
101011,01111,00100
0110000,01111,0100
0101000,001111,011
0110010010000,00,1
0111011,1100000,00
011011,01000,10000
0110000,01111,1011
0100010000,0000,11
0101000,011111,111
0011011000,011,000
01001010000,111,00
10000100,0111,0100
011011,00100,10000
0101010010000,00,1
010110010000,000,1
011010000,01000,11
0011000,010000,011
0111011,0010000,11
011011,00100,01000
0100010000,1011,00
0110000,11111,0100
0100000100,011,000
00101010000,000,11
01000100,0111,1000
0111010010000,00,1
0011000,010000,111
011010000,00100,11
001110010000,000,1
010111,010100,1011
011011,00111,00000
0100110010000,00,1
0011000,001000,011
011010000,11011,00
0111011,1010000,00
0100010000,0111,00
0001000,01011,0000
01000100,0111,1011
0100000100,111,000
011010000,10111,00
011110010000,000,1
011011,00111,01000
0011000,001000,111
0001000,11011,0000
0101110010000,00,1
0111011,0110000,00
011010000,01111,00
011011,00111,00100
00100100,0111,1011
0010000100,011,000
0001000,00111,0000
01101010000,111,00
010001010000,000,1
0011000,010111,011
011010000,01111,11
010111,101011,0000
0100001010000,00,1
0111011,0110000,11
0001000,00111,0111
0010000100,111,000
0011000,001111,011
001001010000,000,1
111011,00100,01000
011010000,11111,00
0001000,10111,0000
01100100,0111,0100
0110000100,111,000
0101001010000,00,1
010111,101011,0100
0111011,0001000,11
0011000,011111,111
011001010000,000,1
000110000,01111,11
0001000,10111,0111
01100100,0111,1011
0101000100,011,000
1011000,010000,000
0111001010000,00,1
010111,011011,0000
010101010000,000,1
0001000,01111,0000
0111011,1001000,00
0101000100,111,000
0100101010000,00,1
0100010000,1111,00
100111,00100,01000
01011010000,111,00
010111,011011,1000
0001000,01111,1011
0011000100,011,000
001101010000,000,1
010111,01000,10000
010111,011011,0100
0111011,0101000,00
1011000,001000,000
00010100,0111,1011
0011000100,111,000
0010010000,0000,11
0001000,11111,0000
010111,00100,10000
010111,100111,0000
0100011010000,00,1
01010100,0111,1000
1001000,00100,0111
0111011,0101000,11
0100100100,011,000
011101010000,000,1
1010010000,0111,00
010111,00100,01000
010111,100111,0100
01010100,0111,1011
1001000,01111,0100
1011000,010111,000
0111011,0011000,11
0100100100,111,000
01000110000,000,11
0110010000,0100,11
010111,00111,00000
10101011,0111,0000
010011010000,000,1
1011000,001111,000
0010100100,011,000
0111011,1011000,00
0111011010000,00,1
010111,00111,01000
0110010000,1011,00
110111,011000,0100
10101011,0111,0100
100110000,01111,00
01000110000,011,00
1011000,011111,000
0010100100,111,000
010111,00111,00100
0111011,0000100,11
0110010000,0111,00
001011010000,000,1
01101011,0100,1000
001111,000000,1011
0111011,1000100,00
010111,10111,00000
0110111010000,00,1
0110010000,1111,00
01011011,0100,1000
01000110000,111,00
001111,000000,0111
0000100,010111,011
010111,10111,01000
011011010000,000,1
0111011,0100100,00
0100000110000,00,1
00111011,0111,0000
0001010000,0000,11
0100010100,011,000
010110000,01000,11
001111,100000,0111
010111,10111,00100
0111011,0100100,11
0000100,001111,011
00100110000,000,11
10111011,0111,0000
1001010000,0111,00
0100010100,111,000
010110000,00100,11
001111,010000,1011
0111011,0010100,11
110111,00100,01000
010111010000,000,1
0101010000,0100,11
0010010100,011,000
0101000110000,00,1
10111011,0111,0100
0000100,011111,111
010110000,11011,00
001111,010000,0111
0111011,1101011,00
0101010000,1011,00
01111011,0100,1000
0010010100,111,000
110111,01111,00000
0100100,011000,111
010110000,10111,00
0111000110000,00,1
001111,001000,1011
0111011,1011011,00
010000110000,000,1
0101010000,0111,00
0101101011,011,000
01111011,1011,0000
010110000,01111,00
001111,001000,0111
0100100,010111,011
1111011,0100000,00
0100100110000,00,1
01100110000,111,00
0101010000,1111,00
0011101011,011,000
110111,01111,01000
01111011,1011,0100
010110000,01111,11
001111,011000,0000
001000110000,000,1
1111011,0110000,00
0100100,001111,011
0111101011,111,000
110111,01111,00100
010110000,11111,00
00100111,0111,1011
1111011,0101000,00
0101011011,011,000
011000110000,000,1
001111,01000,10000
110110000,01000,00
01100111,0100,1000
0100100,011111,111
1111011,0100100,00
0011011011,011,000
110110000,01111,00
001111,000100,1011
001111,00100,10000
01100111,1011,0000
010100110000,000,1
0111011011,111,000
0010100,010000,011
0100010110000,00,1
01010110000,111,00
001111,000100,0111
01100111,1011,0100
001111,00100,01000
0100111011,011,000
001111,101011,0000
01010111,0100,1000
1000110000,0111,00
001110000,01000,11
0101000,10000,0111
001111,01011,00000
001100110000,000,1
0010100,010000,111
0100111,0100000,00
01010111,1011,0000
0100110000,1011,00
001111,01011,01000
0010111011,011,000
01010111,1011,0100
0100111,0100000,11
001111,011011,0000
0100110000,0111,00
001111,01011,00100
0101000,00100,1011
01110110000,000,11
011100110000,000,1
0110111011,111,000
0111010110000,00,1
0101000,00100,0111
001111,100111,0000
0100110000,1111,00
001111,10111,00000
0101111011,011,000
0101000,00100,1111
001111,010111,0000
001111,10111,01000
010010110000,000,1
00110111,1011,0000
0010100,010111,011
0101111011,111,000
0101000,01011,0100
001111,10111,00100
0110110110000,00,1
10110111,0111,0000
0011111011,011,000
0101000,11011,0100
0010100,001111,011
101111,000000,0111
001010110000,000,1
001111,01111,00000
10110111,0111,0100
0011111011,111,000
0101110110000,00,1
0100111,0110000,11
0101000,00111,0111
001110000,00100,11
001111,01111,10000
01001110000,111,00
0010100,011111,111
011010110000,000,1
0111111011,111,000
01110111,0100,1000
0101000,10111,0100
001110000,01111,11
001111,01111,01000
0111110110000,00,1
0101100111,011,000
01110111,1011,0000
101111,010000,0111
0101011,010000,000
010110110000,000,1
0101000,10111,0111
0100111,0101000,00
0011100111,011,000
01110111,1011,0100
0100001110000,00,1
101111,001000,0111
0100111,0101000,11
0101000,01111,1000
0101011,001000,000
0111100111,111,000
10001111,0111,0000
001110110000,000,1
01101110000,000,11
0101000,01111,0100
0101010111,011,000
101111,011000,0100
0101011,001111,000
001111,01111,00100
0011010111,011,000
011110110000,000,1
01001111,1011,0000
101111,011000,0111
01000001000,000,11
001111,01111,10111
0111010111,111,000
1101011,010000,000
101111,000100,0111
01001111,0111,0000
0111001110000,00,1
101111,00100,01000
010001110000,000,1
0100110111,011,000
0100111,0100100,00
01000001000,011,00
101111,010100,0111
101111,01111,00000
0100111,0100100,11
0010110111,011,000
1101011,001000,000
1000001000,0111,00
101111,010111,0000
101111,01111,01000
01000001000,111,00
0110110111,111,000
0100001000,0000,11
101111,010111,0100
0110101110000,00,1
101111,01111,00100
0101110111,011,000
0100001000,1011,00
0101000,01111,1011
00101111,1011,0000
101111,001111,0000
00100001000,000,11
001001110000,000,1
0101101110000,00,1
011111,01000,10000
0101110111,111,000
0100001000,0111,00
1101011,011111,000
0101000,11111,0100
101110000,01000,00
0011110111,011,000
011111,00100,10000
0100001000,1111,00
0111101110000,00,1
00101111,0111,0000
101110000,01111,00
01100001000,000,11
0100111,0111011,00
011111,00100,01000
0011011,010000,000
011001110000,000,1
0011000,10000,0111
0011110111,111,000
0010001000,0000,11
000001000,01111,11
0100111,0111011,11
011111,11011,00000
0100000001000,00,1
0011000,01000,1011
10101111,0111,0000
1010001000,0111,00
0111110111,111,000
0011011,001000,000
01100001000,111,00
010101110000,000,1
011111,11011,01000
0011000,01000,0111
10101111,0111,0100
0010001111,011,000
101111,001111,0111
1100111,0100000,00
011111,11011,00100
0011011,010111,000
0011000,01000,1111
0110001000,0100,11
01101111,0100,1000
0010001111,111,000
011111,000000,1011
01010001000,000,11
001101110000,000,1
0101000001000,00,1
011111,00111,00000
0011000,00100,1011
1100111,0110000,00
01101111,1011,0000
0110001000,1011,00
011111,100000,0100
1011011,010000,000
0011000,00100,0111
011111,00111,01000
1100111,0101000,00
01010001000,011,00
0101001111,011,000
0110001000,0111,00
011111,010000,1000
01101111,1011,0100
011101110000,000,1
1011011,001000,000
0011000,00100,1111
011111,00111,00100
1100111,0100100,00
0110001000,1111,00
01101111,0111,0000
011111,010000,1011
0100100001000,00,1
01010001000,111,00
0011001111,011,000
1100111,0111011,00
011111,10111,00000
010000001000,000,1
01101111,0111,1000
100001000,01111,00
0011000,00111,0111
011111,110000,0100
0111001111,111,000
011111,10111,01000
01101111,0111,0100
1011011,010111,000
010001000,10000,00
0011000,10111,0111
011111,001000,1011
1010111,0100000,00
0100101111,011,000
011111,10111,00100
01101111,0111,1011
00110001000,000,11
001000001000,000,1
0011000,01111,1011
010001000,00100,11
011111,101000,0100
1010111,0110000,00
111111,00100,01000
00011111,1011,0000
1011011,001111,000
010001000,01011,00
0111100001000,00,1
1010111,0101000,00
0010101111,011,000
1011000,00000,0111
011111,011000,0000
01110001000,111,00
00011111,0111,0000
010001000,11011,00
1011011,011111,000
1010111,0100100,00
0001001000,0000,11
011111,011000,0100
0100010001000,00,1
000000000,011011,1
010001000,10111,00
0110101111,111,000
1010111,0111011,00
010100001000,000,1
01001001000,000,11
1001001000,0111,00
0111011,100000,000
10011111,0111,0000
000000000,010111,1
010001000,01111,00
0110010001000,00,1
1011000,01000,0111
0101101111,011,000
0101001000,0100,11
10011111,0111,0100
0111011,010000,000
001100001000,000,1
000000000,001111,1
1011000,00100,0111
01001001000,011,00
0110111,0000000,11
010001000,01111,11
0101001000,1011,00
0101010001000,00,1
01011111,0100,1000
0101101111,111,000
1011000,01111,0000
0111011,001000,000
000000000,011111,1
0110111,1000000,00
010001000,11111,00
0101001000,0111,00
01001001000,111,00
011100001000,000,1
01011111,1011,0000
0111010001000,00,1
0011101111,011,000
0111011,011000,000
1011000,01111,0100
0110111,0100000,00
010000000,000000,1
110001000,01111,00
0101001000,1111,00
01011111,1011,0100
0100110001000,00,1
0000100,00111,0111
0011101111,111,000
0111011,101011,000
0110111,0100000,11
00101001000,000,11
010010001000,000,1
001001000,01000,11
010000000,001000,1
01011111,0111,0000
0110110001000,00,1
0000100,10111,0111
0111011,001111,000
0111101111,111,000
0110111,1100000,00
0111001000,0100,11
01011111,0111,1000
010000000,011000,1
001001000,01111,11
0101110001000,00,1
0111011,101111,000
001010001000,000,1
0000100,01111,1011
01101001000,111,00
0111001000,1011,00
0110111,0010000,11
01011111,0111,0100
010000000,000100,1
011111,011000,1011
1111011,010000,000
1000100,01000,0111
0110111,1010000,00
011010001000,000,1
101001000,01111,00
1000100,01111,0100
1111011,001000,000
0110111,0110000,00
010000000,011011,1
011111,000100,1011
1000101000,0111,00
00111111,1011,0000
0100100,10000,0111
010110001000,000,1
0110111,0110000,11
011111,010100,1000
0100101000,1011,00
010000000,010111,1
00111111,0111,0000
0100100,00111,0111
0110011111,111,000
0100111,000000,011
0110111,0001000,11
011001000,00100,11
0100101000,0111,00
011111,010100,1011
01011001000,111,00
001110001000,000,1
010000000,001111,1
0100100,10111,0111
0101011111,011,000
0110111,1001000,00
0100101000,1111,00
011001000,11011,00
011111,101011,0000
0100100,01111,1000
10111111,0111,0000
010000000,011111,1
0110111,0101000,00
011001000,10111,00
0101011111,111,000
011111,101011,0100
011110001000,000,1
0100100,01111,1011
10111111,0111,0100
0110101000,0100,11
0100001001000,00,1
0011011111,011,000
0100111,010000,000
0110111,0101000,11
001000000,000000,1
01111111,0100,1000
010001001000,000,1
0011011111,111,000
0110101000,0111,00
0100111,010000,011
0110111,0011000,11
011111,111011,0000
0010100,10000,0111
01000101000,000,11
0101001001000,00,1
01111111,1011,0000
001000000,010000,1
0111011111,111,000
001001001000,000,1
0100111,010000,111
011111,111011,0100
0110111,1011000,00
0010100,01000,1011
0111001001000,00,1
01111111,1011,0100
01000101000,011,00
0100111111,011,000
0100111,001000,000
0110111,0000100,11
0010100,01000,0111
0100101001000,00,1
011111,110111,0000
0101101000,0100,11
011001001000,000,1
001000000,000100,1
01111111,1111,0000
0100111111,111,000
011001000,01111,00
0100111,001000,011
0110111,1000100,00
0010100,01000,1111
01000101000,111,00
011111,110111,0100
011001000,01111,11
001000000,011011,1
0010111111,011,000
01111111,1111,0100
0010100,00111,0111
0110111,0100100,00
0101101000,0111,00
010101001000,000,1
011111,001111,0000
001000000,010111,1
011001000,11111,00
0110101001000,00,1
0100111,011000,000
00100101000,000,11
0010111111,111,000
0110111,0100100,11
00000000,00111,011
011111,001111,1011
0101101001000,00,1
001000000,001111,1
001101001000,000,1
1000011000,0111,00
0100111,011000,111
0110111,0010100,11
0110111111,111,000
000101000,01111,11
10000000,01111,000
0100011001000,00,1
01100101000,111,00
011111,101111,0000
0100111,000100,011
001000000,011111,1
0100011000,1011,00
100101000,01111,00
0110111,1101011,00
0101111111,011,000
011101001000,000,1
01000000,00000,011
0110011001000,00,1
011111,101111,0100
0100011000,0111,00
01010101000,011,00
0101111111,111,000
01000000,00000,111
0101011001000,00,1
010011001000,000,1
0110111,1011011,00
0100011000,1111,00
01010101000,111,00
0011111111,011,000
0100111,011011,000
001011001000,000,1
01000000,00100,011
0110111,0111011,00
01001101000,011,00
111111,011000,0100
010101000,00100,11
0011111111,111,000
0110111001000,00,1
011011001000,000,1
01000000,00100,111
01001101000,111,00
0010100,10111,0111
0110111,0111011,11
0110011000,0100,11
0000000000,01111,1
0100000101000,00,1
010111001000,000,1
01000000,01011,000
01000011000,000,11
0111111111,111,000
0010100,01111,1011
0110111,0100111,00
0100111,010111,000
011000000,011011,1
010000101000,000,1
0100000000,00000,1
01000011000,011,00
01000000,11011,000
0100111,010111,011
0101011,00111,0000
0110011000,0111,00
0110111,0100111,11
0100000000,00100,1
011000000,010111,1
001000101000,000,1
01000000,00111,000
01000011000,111,00
1101011,01111,0000
0110111,1100111,00
0100000000,01111,1
011000101000,000,1
01000000,00111,011
00100011000,000,11
011000000,001111,1
1101011,01111,0100
0110111,1010111,00
0010000000,00000,1
010100101000,000,1
01000000,10111,000
0100111,011111,000
0101011000,0100,11
0011011,01011,0000
011000000,011111,1
1110111,0100000,00
0010000000,01000,1
0100111,011111,111
001100101000,000,1
01100011000,111,00
01000000,01111,000
1011011,00000,0111
1110111,0110000,00
00000000000,0111,1
000100000,000000,1
0010000000,01111,1
011100101000,000,1
0101011000,0111,00
01010011000,011,00
010101000,01011,00
01000000,11111,000
0101000101000,00,1
1011011,01000,0111
1110111,0101000,00
01000000000,0000,1
010010101000,000,1
01010011000,111,00
1100111,010000,000
010101000,11011,00
11000000,01111,000
0111000101000,00,1
1011011,00100,0111
01000000000,0111,1
01001011000,011,00
010101000,10111,00
1100111,001000,000
001010101000,000,1
0110000000,01111,1
00100000,00000,011
1110111,0100100,00
1011011,01111,0000
000100000,010000,1
010101000,01111,00
01001011000,111,00
0001000000,00000,1
00100000,00000,111
010101000,01111,11
000100000,001000,1
1100111,011111,000
01011011000,011,00
1011011,01111,0100
1001111,0100000,00
010001101000,000,1
00100000,01000,011
010101000,11111,00
00100000000,0000,1
0001000000,01111,1
0010111,000000,011
01111011000,000,11
001001101000,000,1
0111011,00000,1011
1001111,0110000,00
001101000,00100,11
000100000,011011,1
1011011000,0111,00
0010111,010000,000
00100000000,0111,1
0101000000,00000,1
01111011000,111,00
0111011,10000,0100
1001111,0101000,00
000100000,010111,1
001101000,01111,11
0010111,010000,011
00100000,01000,111
0101000000,01000,1
011101101000,000,1
01000000100,000,11
0100100101000,00,1
000100000,001111,1
101101000,01000,00
0111011,01000,1000
0111011000,0000,11
0010111,001000,000
0101000000,00100,1
010000011000,000,1
0110100101000,00,1
01000000100,011,00
101101000,01111,00
000100000,011111,1
0111011,01000,1011
001000011000,000,1
0010111,001000,011
0101000000,01111,1
01000000100,111,00
01100000000,0111,1
0111011,00100,1011
000011000,01111,11
010100000,010000,1
0101100101000,00,1
1001111,0100100,00
0010111,011000,000
010100011000,000,1
0011000000,00000,1
0111011,00111,0000
00100000100,000,11
00010000000,0000,1
0100010101000,00,1
100011000,01000,00
010100000,001000,1
0111011000,0100,11
001100011000,000,1
0010111,000100,011
1001111,0111011,00
0110010101000,00,1
00100000,01011,000
0111011,10111,0000
00010000000,0111,1
01100000100,000,11
010100000,011000,1
100011000,01111,00
0111011000,1011,00
0010111,011011,000
0101010101000,00,1
00100000,11011,000
0111011,10111,0100
010100000,000100,1
01010000000,0000,1
01100000100,111,00
0010111,010111,000
1001111,0110111,00
1000000100,0111,00
0100110101000,00,1
010010011000,000,1
0011000000,01000,1
010100000,011011,1
010011000,00100,11
01010000000,0100,1
01010000100,000,11
0010111,010111,011
0100000100,0000,11
0110110101000,00,1
0101111,0000000,11
0011000000,00100,1
001010011000,000,1
010100000,010111,1
01010000000,0111,1
010011000,01011,00
0100111,00000,0111
01010000100,011,00
0100000100,1011,00
0101111,1000000,00
0010111,011111,000
0100001101000,00,1
0011000000,01111,1
010100000,001111,1
010011000,11011,00
00110000000,0000,1
01010000100,111,00
0101111,0100000,00
0100000100,0111,00
1010111,010000,000
00100000,00111,000
010100000,011111,1
010011000,10111,00
0100111,10000,0111
0100000100,1111,00
1010111,001000,000
00110000100,000,11
0101001101000,00,1
00110000000,0111,1
00100000,00111,011
010001011000,000,1
0101111,0100000,11
001100000,010000,1
010011000,01111,00
0100111,01000,1000
0010000100,0000,11
00100000,10111,000
0101111,1100000,00
001100000,001000,1
001001011000,000,1
0100101101000,00,1
010011000,01111,11
1010111,011011,000
1010000100,0111,00
0100111,01000,1011
01110000100,111,00
00100000,01111,000
0101111,0010000,11
0110101101000,00,1
010011000,11111,00
0100111,01000,0111
01001000100,000,11
00001000000,0111,1
001100000,000100,1
0101111,1010000,00
00100000,11111,000
001011000,01000,11
0110000100,0100,11
0101101101000,00,1
0100111,01000,1111
01001000100,011,00
1010111,010111,000
011101011000,000,1
01001000000,0000,1
001100000,011011,1
0101111,0110000,00
001011000,00100,11
0111000000,00000,1
0110000100,1011,00
0111101101000,00,1
01001000100,111,00
1010111,001111,000
001100000,010111,1
01001000000,0111,1
0101111,0110000,11
0110000100,0111,00
001011000,01111,11
0100000011000,00,1
0100111,00100,0111
00101000100,000,11
1010111,011111,000
011011011000,000,1
0101111,0001000,11
00101000000,0000,1
001100000,001111,1
101011000,01000,00
0110000100,1111,00
010111011000,000,1
0110111,100000,000
0101111,1001000,00
001100000,011111,1
00101000000,0111,1
101011000,01111,00
0101000011000,00,1
10100000,01111,000
0001000100,0000,11
01101000100,111,00
0100111,01011,0000
0110111,010000,000
001111011000,000,1
0101111,0101000,00
011011000,10000,00
011100000,000000,1
1001000100,0111,00
0110111,001000,000
011011000,01000,00
011111011000,000,1
0100100011000,00,1
0101111,0101000,11
0111000000,01111,1
011100000,010000,1
0101000100,0100,11
01101000000,0111,1
0110111,011000,000
01011000100,111,00
011011000,10111,00
010000000100,000,1
0101111,0011000,11
0000100000,00000,1
011100000,001000,1
0101000100,1011,00
00011000000,0000,1
0100111,10111,0111
0110111,101011,000
001000000100,000,1
111011000,01000,00
0101111,1011000,00
0101000100,0111,00
0000100000,01111,1
00011000000,0111,1
0100010011000,00,1
01000100100,000,11
0110111,100111,000
0100111,01111,0000
0101111,0000100,11
011100000,000100,1
000000100,01111,11
0101000100,1111,00
0110010011000,00,1
0100100000,00000,1
010100000100,000,1
01000100100,011,00
0110111,010111,000
0100111,01111,1000
0101111,1000100,00
1011000100,0111,00
0101010011000,00,1
0100100000,01000,1
0110111,110111,000
01000100100,111,00
001100000100,000,1
0101111,0100100,00
0100111,01111,1011
100000100,01111,00
0100100000,00100,1
0100110011000,00,1
01011000000,0111,1
0110111,001111,000
00100100100,000,11
0101111,0100100,11
1000100100,0111,00
0100100000,01111,1
011100000,011111,1
010000100,10000,00
0110110011000,00,1
01100100100,111,00
010010000100,000,1
0101111,0010100,11
1110111,010000,000
0100100100,1011,00
0010100000,00000,1
010000100,00100,11
0100001011000,00,1
00111000000,0111,1
000010000,000000,1
01010100100,011,00
001010000100,000,1
0101111,1101011,00
0100100100,0111,00
1110111,001000,000
1100111,01111,0000
0010100000,01000,1
01100000,01000,111
01010100100,111,00
0101111,1011011,00
01111000000,0000,1
0100100100,1111,00
0010100000,00100,1
0101001011000,00,1
1100111,01111,0100
0101111,0111011,00
01001100100,011,00
000010000,011011,1
1110111,011111,000
0100101011000,00,1
0010100000,01111,1
010000100,01011,00
0010111,00000,0111
00000100000,0111,1
01001100100,111,00
000010000,010111,1
0110101011000,00,1
0101111,0100111,00
0010111,01000,0111
01000010100,000,11
01000100000,0000,1
010001000100,000,1
010000100,11011,00
0101101011000,00,1
000010000,001111,1
0101111,0100111,11
0001111,000000,011
0010111,00100,0111
001001000100,000,1
01000010100,011,00
01000100000,0111,1
010000100,10111,00
0111101011000,00,1
000010000,011111,1
0101111,1100111,00
0001111,010000,011
0010111,01011,0000
011001000100,000,1
010000100,01111,00
01000010100,111,00
00100100000,0000,1
0110011011000,00,1
0101111,1010111,00
010010000,010000,1
0010111,01111,0000
0001111,001000,011
0110100000,01111,1
010000100,01111,11
010101000100,000,1
00100010100,000,11
0101011011000,00,1
00100100000,0111,1
0101111,0110111,00
1000010100,0111,00
010010000,001000,1
0001111,000100,011
1010111,00000,0111
001101000100,000,1
010000100,11111,00
0111011011000,00,1
0001100000,00000,1
01100100000,0000,1
0100010100,1011,00
010010000,011000,1
1010111,01000,0111
0001111,010111,011
110000100,01000,00
010011000100,000,1
01100010100,111,00
0100010100,0111,00
0001100000,01111,1
0101111,1001111,00
010010000,000100,1
1010111,00100,0111
0001111,001111,011
110000100,01111,00
0110111011000,00,1
001011000100,000,1
01010010100,011,00
0100010100,1111,00
01100100000,0111,1
1101111,0100000,00
010010000,011011,1
1010111,01111,0000
1001111,010000,000
0101111011000,00,1
001000100,01000,11
011011000100,000,1
01010010100,111,00
1010101011,0111,00
010010000,010111,1
00010100000,0000,1
1101111,0110000,00
1010111,01111,0100
1001111,001000,000
001000100,01111,11
0111111011000,00,1
010111000100,000,1
01001010100,011,00
1011101011,0111,00
010010000,001111,1
1101111,0101000,00
00010100000,0111,1
0110111,00000,1011
101000100,01000,00
010000100100,000,1
01001010100,111,00
0100000000100,00,1
0111101011,0000,11
010010000,011111,1
1101111,0100100,00
01010100000,0000,1
0110111,00000,0111
1001111,011011,000
101000100,01111,00
001000100100,000,1
0101100000,01111,1
01110101011,000,11
1001111,010111,000
0110111,10000,0100
011000100100,000,1
0101000000100,00,1
01101101011,000,11
0111101011,0100,11
0110111,10000,0111
1101111,0110111,00
01010100000,0100,1
1001111,001111,000
011000100,01000,00
010100100100,000,1
0111101011,1011,00
01011101011,000,11
0110111,01000,1000
01010100000,0111,1
0101111,000000,011
1101111,0101111,00
011000100,01000,11
001100100100,000,1
1011011011,0111,00
0100100000100,00,1
01011101011,011,00
0110111,01000,1011
00110100000,0000,1
0101111,100000,000
0111011011,0000,11
010010100100,000,1
0011111,0000000,11
001010000,010000,1
0011100000,01111,1
0110111,01000,0111
011000100,11011,00
0111011011,0100,11
00110100000,0111,1
0101111,010000,000
001010100100,000,1
001010000,001000,1
0011111,0100000,11
0110111,00100,1011
0111100000,00000,1
011000100,10111,00
0111011011,1011,00
01110100000,0000,1
0101111,010000,011
0011111,0010000,11
0110111,00100,0111
1000111011,0111,00
0111100000,01000,1
011000100,01111,00
0101111,001000,000
0100010000100,00,1
001010000,000100,1
010001100100,000,1
0011111,0110000,11
0111100000,00100,1
011000100,01111,11
0110111,11011,0000
01100000,00100,111
00001100000,0111,1
0110010000100,00,1
001010000,011011,1
001001100100,000,1
0011111,0001000,11
0100111011,0111,00
0000010000,01111,1
011000100,11111,00
0110111,11011,0100
0101010000100,00,1
01100000,11011,000
01001100000,0000,1
001010000,010111,1
0011111,0101000,11
0100010000,00000,1
0110111,00111,0000
1010111011,0111,00
000100100,01111,11
01001100000,0111,1
001010000,001111,1
0011111,0011000,11
010000010100,000,1
0110111011,0000,11
0100110000100,00,1
0100010000,00100,1
0110111,00111,0111
100100100,01111,00
01100000,10111,000
0011111,0000100,11
0110111011,0100,11
001010000,011111,1
001000010100,000,1
00101100000,0000,1
0100010000,01111,1
0001111,00000,0111
0110111011,1011,00
01100000,01111,000
0011111,0100100,11
00101100000,0111,1
0110111011,0111,00
010100100,01011,00
0010010000,00000,1
01100000,11111,000
0011111,0010100,11
0100001000100,00,1
011010000,010000,1
01101100000,0000,1
010100010100,000,1
1001111011,0111,00
010100100,11011,00
0010010000,01000,1
00010000,00000,011
011010000,001000,1
0101111011,0000,11
001100010100,000,1
010100100,10111,00
0010010000,01111,1
0101001000100,00,1
0101111011,0100,11
00010000,00000,111
010010010100,000,1
010100100,01111,00
0101111011,1011,00
0111001000100,00,1
00010000,00111,011
0101111011,0111,00
001010010100,000,1
00111101011,000,11
010100100,01111,11
011010000,011011,1
0100101000100,00,1
0110010000,00100,1
1011111,0100000,00
0011111011,0000,11
10010000,01111,000
010001010100,000,1
01111101011,000,11
011010000,010111,1
010100100,11111,00
0001111,01011,0000
0110010000,01111,1
1011111,0110000,00
01010000,01000,011
1011111011,0111,00
011010000,001111,1
001001010100,000,1
01111101011,111,00
001100100,01000,11
0001111,00111,0000
0001010000,00000,1
01010000,01000,111
1011111,0101000,00
011010000,011111,1
011010101011,000,1
0111111011,0000,11
001100100,01111,11
0100011000100,00,1
01010000,00100,011
1011111,0100100,00
010110101011,000,1
0001111,00111,0111
0001010000,01111,1
000110000,010000,1
0111111011,0100,11
000010100,01111,11
01010000,00100,111
1011111,0111011,00
001110101011,000,1
000110000,001000,1
0101010000,01000,1
0001111,01111,0000
100010100,01000,00
0111111011,1011,00
01010000,01011,000
01110011011,000,11
011110101011,000,1
0101010000,00100,1
0111011000100,00,1
1001111,00000,0111
100010100,01111,00
0111111011,1111,00
000110000,000100,1
01010000,11011,000
1011111,0101111,00
011001101011,000,1
0101010000,01111,1
1001111,01000,0111
000110000,011011,1
01101011011,000,11
01010000,00111,000
1000100111,0111,00
010101101011,000,1
0111111,0000000,11
0100000100100,00,1
010010100,01011,00
0011010000,01000,1
1001111,00100,0111
000110000,010111,1
01010000,00111,011
0101111,001000,011
01011011011,000,11
0100100111,1011,00
001101101011,000,1
0111111,1000000,00
010010100,11011,00
0011010000,00100,1
0101111,00000,1011
000110000,001111,1
01010000,10111,000
011101101011,000,1
0100100111,0111,00
0101000100100,00,1
01011011011,011,00
0111111,0100000,00
0101111,00000,0111
0011010000,01111,1
000110000,011111,1
01010000,01111,000
0100100111,1111,00
0111000100100,00,1
00111011011,000,11
0101111,10000,0100
0111010000,00000,1
010010100,10111,00
010011101011,000,1
0111111,0100000,11
0110100111,1011,00
01010000,11111,000
0100100100100,00,1
01111011011,000,11
001011101011,000,1
00011100000,0000,1
0111010000,01000,1
010110000,010000,1
010010100,01111,00
0101100111,1011,00
0111111,1100000,00
00110000,01000,011
0110100100100,00,1
011011101011,000,1
01111011011,111,00
00011100000,0111,1
0111010000,00100,1
010110000,001000,1
010010100,01111,11
010111101011,000,1
00110000,01000,111
1011100111,0111,00
0111010000,01111,1
001111101011,000,1
01011100000,0000,1
010010100,11111,00
0101100100100,00,1
0111111,0010000,11
00110000,00100,011
0101111,011000,000
011111101011,000,1
0000110000,00000,1
001010100,01000,11
01100111011,000,11
0100010100100,00,1
011010011011,000,1
0111111,1010000,00
0101111,000100,011
00110000,00100,111
0000110000,01111,1
001010100,01111,11
01010111011,000,11
010110011011,000,1
0101111,010100,011
010110000,011011,1
00110000,01011,000
0110010100100,00,1
0111111,0110000,00
0100110000,01000,1
010101011,01000,00
0111100111,0000,11
00111100000,0000,1
001110011011,000,1
010110000,010111,1
0101111,101011,000
01010111011,011,00
0101010100100,00,1
00110000,11011,000
0100110000,00100,1
0111111,0110000,11
110101011,01000,00
0111100111,0100,11
010110000,001111,1
011110011011,000,1
0101111,011011,000
0100110100100,00,1
0100110000,01111,1
00110111011,000,11
00110000,00111,000
0111111,0001000,11
0111100111,1011,00
010110000,011111,1
00000010000,0111,1
0101111,100111,000
011001011011,000,1
0100001100100,00,1
0010110000,01000,1
00110000,00111,011
01110111011,000,11
0111111,1001000,00
0110010111,1011,00
01000010000,0000,1
110101011,01111,00
0101111,110111,000
010101011011,000,1
0010110000,00100,1
01110111011,111,00
0101010111,1011,00
00110000,10111,000
0111111,0101000,00
001110000,010000,1
01000010000,0111,1
0101001100100,00,1
101101011,01000,00
0101111,001111,000
0010110000,01111,1
1011010111,0111,00
01001111011,000,11
00110000,01111,000
001101011011,000,1
0111111,0101000,11
001110000,001000,1
0100101100100,00,1
101101011,01111,00
00100010000,0000,1
0101111,001111,011
0111010111,0000,11
0110110000,00000,1
00110000,11111,000
0111111,0011000,11
0110101100100,00,1
011101011011,000,1
00100010000,0111,1
011101011,00000,11
0111010111,0100,11
0101111,101111,000
0110110000,01000,1
10110000,01111,000
0100000010100,00,1
0111111,1011000,00
011101011,10000,00
010011011011,000,1
01100010000,0000,1
0111010111,1011,00
00101111011,000,11
0110110000,00100,1
1101111,010000,000
001110000,011011,1
011101011,01000,00
001011011011,000,1
0111111,0000100,11
01101111011,000,11
0110110000,01111,1
0101000010100,00,1
1101111,001000,000
001110000,010111,1
01110000,01000,111
011101011,01000,11
0111111,1000100,00
0100110111,1011,00
011011011011,000,1
01100010000,0111,1
01101111011,111,00
0001110000,01111,1
001110000,001111,1
0111111,0100100,00
011101011,00100,11
010111011011,000,1
00010010000,0000,1
01011111011,000,11
0100100010100,00,1
0101110000,00000,1
1101111,011111,000
001110000,011111,1
1010110111,0111,00
011101011,10111,00
0111111,0100100,11
001111011011,000,1
01011111011,011,00
00010010000,0111,1
0101110000,01000,1
0011111,000000,011
01110000,00111,000
000001000,000000,1
111101011,01000,00
0111111,0010100,11
011111011011,000,1
0101110000,00100,1
01011111011,111,00
01010010000,0000,1
01110000,10111,000
0011111,100000,000
010011011,01000,00
0111111,1101011,00
011000111011,000,1
01010010000,0100,1
0110110111,0000,11
0101110000,01111,1
00111111011,000,11
01110000,01111,000
0011111,010000,000
000001000,011011,1
0101111,10000,0111
010100111011,000,1
0110110111,0100,11
0100010010100,00,1
0111111,1011011,00
0000001000,01111,1
01111111011,000,11
0011111,010000,011
000001000,010111,1
0101111,01000,1000
001100111011,000,1
0110110111,1011,00
0110010010100,00,1
0100001000,00000,1
0111111,1111011,00
01111111011,111,00
00001000,00000,011
110011011,01000,00
0011111,001000,000
0101111,01000,1011
000001000,001111,1
0101010010100,00,1
0110110111,0111,00
0100001000,00100,1
011100111011,000,1
0111111,0100111,00
01000100111,000,11
110011011,01111,00
0101111,01000,0111
00001000,00000,111
0011111,001000,011
0100110010100,00,1
000001000,011111,1
0100001000,01111,1
1001110111,0111,00
010010111011,000,1
01000100111,011,00
101011011,01000,00
01010010000,0111,1
0111111,0100111,11
00001000,00111,011
0011111,011000,000
0100001010100,00,1
010001000,010000,1
0101110111,0000,11
001010111011,000,1
01000100111,111,00
101011011,01111,00
0010001000,00000,1
00110010000,0000,1
0111111,1100111,00
10001000,01111,000
0011111,000100,011
010001000,001000,1
0101110111,0100,11
011010111011,000,1
00100100111,000,11
0010001000,01000,1
011011011,00000,11
0101111,00100,1011
00110010000,0111,1
0101001010100,00,1
0111111,1010111,00
0011111,101011,000
010001000,011000,1
010110111011,000,1
0101110111,1011,00
0010001000,01111,1
011011011,10000,00
01110010000,0000,1
0101111,00100,0111
0100101010100,00,1
010001000,000100,1
0011111,011011,000
01001000,01000,011
001110111011,000,1
0101110111,0111,00
011011011,01000,00
01110010000,0100,1
0111010101011,00,1
0101111,11011,0000
010001000,011011,1
01001000,01000,111
011110111011,000,1
0011111,100111,000
0011110111,0000,11
0110001000,01000,1
00001010000,0111,1
0110110101011,00,1
011011011,01000,11
0101111,11011,0100
010001000,010111,1
0111111,1110111,00
0011111,010111,000
1011110111,0111,00
0101110101011,00,1
01001010000,0000,1
011011011,00100,11
0101111,00111,0000
010001000,001111,1
0111111,1101111,00
0111110111,0000,11
01001010000,0111,1
01110100111,000,11
111011011,01000,00
0110001000,01111,1
0111110101011,00,1
0101111,00111,0111
011001111011,000,1
010001000,011111,1
0111111,0011111,11
0011111,110111,000
0111110111,0100,11
00101010000,0000,1
100111011,01000,00
010101111011,000,1
0101111,10111,0000
0111001101011,00,1
0001001000,00000,1
0011111,101111,000
001001000,010000,1
0111111,1011111,00
010111011,00000,11
0110101101011,00,1
001101111011,000,1
0101111,10111,0100
0001001000,01111,1
001001000,001000,1
0011111,011111,000
010111011,10000,00
0111110111,1011,00
01001000,00100,011
0101101101011,00,1
0101001000,01000,1
0111110111,1111,00
00101010000,0111,1
011101111011,000,1
0111101101011,00,1
010111011,01000,00
1011111,010000,000
01101100111,000,11
01001000,00100,111
1101111,01111,0000
010011111011,000,1
1011111,001000,000
0110011101011,00,1
01011100111,000,11
01001000,01011,000
1101111,01111,0100
010111011,01000,11
001011111011,000,1
001001000,000100,1
01011100111,011,00
0101001000,00100,1
0101011101011,00,1
01001000,11011,000
0011111,00000,1011
1011111,010111,000
010111011,00100,11
011011111011,000,1
01101010000,0111,1
0101001000,01111,1
001001000,011011,1
00111100111,000,11
01001000,00111,000
0111011101011,00,1
0011111,00000,0111
010111011,10111,00
1011111,001111,000
0011001000,01000,1
010111111011,000,1
00011010000,0000,1
001001000,010111,1
01001000,00111,011
01111100111,000,11
0011111,10000,0111
0011001000,00100,1
1011111,011111,000
001111111011,000,1
110111011,01000,00
001001000,001111,1
1111111,0100000,00
00011010000,0111,1
0110111101011,00,1
0011111,01000,1011
01111100111,111,00
0111111,000000,111
0011001000,01111,1
110111011,01111,00
011111111011,000,1
001001000,011111,1
01001000,10111,000
0101111101011,00,1
0011111,01000,0111
0111111,100000,000
001111011,00000,11
0111001000,00000,1
010000100111,000,1
01001000,01111,000
0111111101011,00,1
0011111,00100,1011
0111111,010000,000
001111011,01000,11
0111001000,01000,1
01011010000,0111,1
011001000,001000,1
01001000,11111,000
001000100111,000,1
0011111,00100,0111
001111011,00100,11
0111111,010000,111
0111001000,00100,1
011001000,011000,1
01110010111,000,11
0111010011011,00,1
00101000,01000,011
0011111,01011,0000
001111011,01111,11
0111111,001000,000
0111001000,01111,1
00111010000,0111,1
0110110011011,00,1
00101000,01000,111
011010100111,000,1
011001000,011011,1
0011111,11011,0000
0000101000,00000,1
101111011,01000,00
00000110000,0111,1
1111111,0110000,00
011001000,010111,1
010110100111,000,1
1011001111,0111,00
01000110000,0000,1
0000101000,01111,1
101111011,01111,00
0111111,001000,111
0101110011011,00,1
0011111,10111,0000
1111111,0101000,00
011001000,001111,1
001110100111,000,1
01000110000,0111,1
01101010111,000,11
0111001111,0000,11
0100101000,01000,1
011111011,00000,11
0111111,011000,000
0111110011011,00,1
011001000,011111,1
1111111,0100100,00
011110100111,000,1
00100110000,0000,1
01011010111,000,11
0111001111,0100,11
0100101000,00100,1
0011111,01111,0000
011111011,10000,00
000101000,010000,1
0111111,011000,111
00100110000,0111,1
01011010111,011,00
011001100111,000,1
0111001111,1011,00
0100101000,01111,1
011111011,01000,00
0111001011011,00,1
000101000,001000,1
00111010111,000,11
010101100111,000,1
0111111,000100,111
010000000000,11,00
0110101011011,00,1
1011111,00000,0111
011111011,01000,11
0010101000,01000,1
01111010111,000,11
001101100111,000,1
0101101011011,00,1
000101000,000100,1
00101000,00100,011
011111011,00100,11
0010101000,00100,1
1011111,01000,0111
0111111,010100,111
01100110000,0111,1
01111010111,111,00
000101000,011011,1
0111101011011,00,1
011101100111,000,1
011111011,11011,00
011000000000,11,00
1011111,00100,0111
0010101000,01111,1
0111111,101011,000
0110011011011,00,1
00010110000,0000,1
000101000,010111,1
011111011,10111,00
010011100111,000,1
010100000000,11,00
1011111,01111,0000
0101011011011,00,1
000101000,001111,1
00010110000,0111,1
01000110111,011,00
0111111,111011,000
001011100111,000,1
111111011,01000,00
0110101000,01000,1
0111011011011,00,1
000101000,011111,1
1010101111,0111,00
1011111,01111,0100
01000110111,111,00
0111111,110111,000
011011100111,000,1
000100111,01111,11
010010000000,11,00
0110101111,0000,11
010101000,001000,1
0111111,00000,1011
01100110111,000,11
0110101000,01111,1
010111100111,000,1
0111111,001111,000
0110111011011,00,1
01010110000,0111,1
011010000000,11,00
0110101111,0100,11
010101000,011000,1
01010110111,000,11
0001101000,01111,1
001111100111,000,1
0111111,101111,000
0101111011011,00,1
0111111,00000,1111
0110101111,1011,00
010110000000,11,00
01010110111,011,00
010101000,010100,1
011111100111,000,1
0111111011011,00,1
010100111,01000,00
1111111,010000,000
0110101111,0111,00
0111111,10000,0100
010101000,011011,1
00110110000,0111,1
011010010111,000,1
00110110111,000,11
0101101000,01000,1
010100111,01000,11
0101000111011,00,1
1001101111,0111,00
1111111,001000,000
010001000000,11,00
010101000,010111,1
0111111,01000,1000
01110110000,0000,1
010110010111,000,1
01110110111,000,11
0111000111011,00,1
0101101111,0000,11
010101000,001111,1
0101101000,01111,1
00101000,00100,111
0111111,01000,1011
01110110000,0100,1
01110110111,111,00
001110010111,000,1
0100100111011,00,1
0101101111,0100,11
010101000,011111,1
0000011000,01111,1
00101000,01011,000
0111111,01000,1111
00001110000,0111,1
01001110111,000,11
0110100111011,00,1
011110010111,000,1
0101101111,1011,00
001101000,001000,1
0100011000,00100,1
00101000,11011,000
00000000,011111,11
0111111,00100,1011
0101100111011,00,1
011001010111,000,1
0101101111,0111,00
0100011000,01111,1
010100111,01111,00
00101000,00111,000
01001110000,0111,1
0111111,00100,1111
0111100111011,00,1
010101010111,000,1
0010011000,01000,1
001101000,011011,1
0011101111,0000,11
010100111,01111,11
00101000,00111,011
0110010111011,00,1
001101010111,000,1
00101110111,000,11
10000000,011011,00
0111111,11011,0000
0010011000,01111,1
001101000,010111,1
1011101111,0111,00
00101000,10111,000
00101110000,0111,1
011101010111,000,1
0101010111011,00,1
01101110111,000,11
10000000,010111,00
110100111,01000,00
0111111,11011,0100
001101000,001111,1
00101000,01111,000
010011010111,000,1
0111010111011,00,1
01101110111,111,00
110100111,01111,00
0111101111,0000,11
10000000,011111,00
00101000,11111,000
0110011000,01000,1
001011010111,000,1
001101000,011111,1
01101110000,0000,1
0111111,00111,0000
0100110111011,00,1
01011110111,000,11
0111101111,0100,11
101100111,01000,00
01000000,100000,00
011011010111,000,1
01101110000,0100,1
0111111,10111,0000
01011110111,011,00
0110110111011,00,1
01101000,01000,111
0111101111,1011,00
0110011000,01111,1
101100111,01111,00
01000000,001000,11
010111010111,000,1
000011000,011011,1
0111111,10111,0100
01011110111,111,00
0101110111011,00,1
0111101111,1111,00
0001011000,01111,1
01000000,011000,00
011100111,00000,11
001111010111,000,1
00000001000,0111,1
000011000,010111,1
0111110111011,00,1
00111110111,000,11
01000000,011000,11
011100111,10000,00
011111010111,000,1
011001000000,11,00
000011000,001111,1
01111110111,000,11
01000001000,0000,1
00000000,0111011,1
0101011000,01000,1
01000000,000100,11
011100111,01000,00
001000110111,000,1
010101000000,11,00
000011000,011111,1
01000001000,0111,1
01111110111,111,00
0111001111011,00,1
011100111,01000,11
01000000,101011,00
011000110111,000,1
010011000,001000,1
0101011000,01111,1
00100001000,0000,1
00000000,0110111,1
011100111,00100,11
01000000,011011,00
010100110111,000,1
01101000,00111,000
010011000,011000,1
00100001000,0111,1
0110101111011,00,1
0100011111,1111,00
0111011000,00000,1
00000000,0101111,1
011100111,11011,00
01000000,111011,00
001100110111,000,1
010011000,011011,1
01100001000,0000,1
0101101111011,00,1
01010001111,111,00
0111011000,01000,1
011100111,10111,00
00000000,0011111,1
011100110111,000,1
01000000,100111,00
01101000,01111,000
010011000,010111,1
0111101111011,00,1
1010011111,0111,00
111100111,01000,00
010010110111,000,1
0111011000,00100,1
01100001000,0111,1
00000000,0111111,1
01000000,010111,00
010011000,001111,1
01110001111,000,11
0110011111,0000,11
001010110111,000,1
0000000100,01111,1
00011000,00111,011
00010001000,0000,1
0110011111011,00,1
01000000,0010000,1
01000000,110111,00
010011000,011111,1
011010110111,000,1
0110011111,0100,11
01011000,00000,011
0101011111011,00,1
00010001000,0111,1
01000000,0110000,1
0100000100,00000,1
01000000,101111,00
010010111,01000,00
001011000,010000,1
010110110111,000,1
0110011111,1011,00
0111011111011,00,1
01001001111,111,00
01010001000,0000,1
01000000,0001000,1
01000000,011111,00
0100000100,00100,1
001011000,001000,1
010010111,01000,11
001110110111,000,1
0110011111,0111,00
01011000,01000,011
01010001000,0100,1
01000000,0011000,1
0100000100,01111,1
01000000,011111,11
011110110111,000,1
1001011111,0111,00
01011000,01000,111
0110111111011,00,1
01101001111,000,11
001011000,011011,1
01000000,0000100,1
0010000100,00000,1
01000000,111111,00
01010001000,0111,1
010011000000,11,00
0101011111,0000,11
001011000,010111,1
010001110111,000,1
0101111111011,00,1
01000000,0010100,1
01011001111,000,11
0010000100,01000,1
0101011111,0100,11
00110001000,0000,1
001011000,001111,1
001001110111,000,1
01011001111,011,00
0010000100,01111,1
0111111111011,00,1
01000000,0111011,1
0101011111,1011,00
00110001000,0111,1
001011000,011111,1
011001110111,000,1
010010111,01111,00
0100000100111,00,1
01000000,0100111,1
00111001111,000,11
0101011111,0111,00
11000000,011111,00
011011000,000000,1
010101110111,000,1
010010111,01111,11
01000000,0110111,1
00001001000,0111,1
0011011111,0000,11
01111001111,000,11
00100000,010000,11
010000100000,11,00
0101000100111,00,1
011011000,010000,1
001101110111,000,1
01000000,0101111,1
1011011111,0111,00
01001001000,0000,1
011000100000,11,00
01111001111,111,00
011011000,001000,1
0110000100,01111,1
011101110111,000,1
01001001000,0111,1
01000000,0011111,1
01011000,00100,011
110010111,01000,00
011011000,011000,1
010011110111,000,1
0001000100,00000,1
00101001000,0000,1
011011000,000100,1
0100100100111,00,1
01000000,0111111,1
0111011111,0000,11
110010111,01111,00
001011110111,000,1
0001000100,01111,1
00100000,000100,11
01000101111,111,00
00101001000,0111,1
011011000,010100,1
0111011111,0100,11
101010111,01000,00
0101000100,01000,1
00100000,011111,11
011011110111,000,1
01011000,00111,000
00100000,0100000,1
101010111,01111,00
0101000100,00100,1
0111011111,1011,00
010111110111,000,1
01100101111,000,11
0100010100111,00,1
01101001000,0111,1
00100000,0110000,1
011010111,00000,11
0101000100,01111,1
01010101111,000,11
0111011111,1111,00
001111110111,000,1
00011001000,0000,1
00100000,0001000,1
10100000,011011,00
011010111,10000,00
0011000100,01000,1
01011000,01111,000
01010101111,011,00
00011001000,0111,1
000000100,011011,1
011111110111,000,1
011010111,01000,00
10100000,010111,00
0011000100,00100,1
0111010100111,00,1
00100000,0101000,1
0100111111,0000,11
00110101111,000,11
000000100,010111,1
011010111,01000,11
010010001111,000,1
10100000,011111,00
0011000100,01111,1
11011000,01111,000
00100000,0011000,1
000000100,001111,1
01110101111,000,11
011010111,00100,11
001010001111,000,1
0110110100111,00,1
01011001000,0111,1
010100100000,11,00
01110101111,111,00
00100000,0000100,1
0111000100,01000,1
0101110100111,00,1
000000100,011111,1
011010111,11011,00
011010001111,000,1
011100100000,11,00
01001101111,000,11
0111000100,01111,1
00100000,0111011,1
010000100,001000,1
111010111,01000,00
00111001000,0111,1
0111110100111,00,1
010110001111,000,1
010010100000,11,00
0010111111,0000,11
01100000,010000,11
0000100100,00000,1
010000100,011000,1
00000101000,0111,1
001110001111,000,1
011010100000,11,00
100110111,01000,00
1010111111,0111,00
01100000,001000,11
00101101111,000,11
0000100100,01111,1
010000100,000100,1
00100000,0110111,1
0111001100111,00,1
01000101000,0000,1
011110001111,000,1
010110100000,11,00
010110111,00000,11
010000100,011011,1
0100100100,01000,1
01101101111,000,11
01100000,000100,11
0110111111,0000,11
00100000,0101111,1
010001001111,000,1
01000101000,0111,1
010110111,10000,00
0100100100,00100,1
01101101111,111,00
010000100,010111,1
0110101100111,00,1
0110111111,0100,11
01100000,010100,11
00100000,0011111,1
00100101000,0000,1
001001001111,000,1
010110111,01000,00
00000100,00111,011
0101101100111,00,1
0100100100,01111,1
010000100,001111,1
01011101111,000,11
01100000,101011,00
0110111111,1011,00
00100101000,0111,1
011001001111,000,1
10000100,01111,000
010110111,01000,11
0010100100,01000,1
010000100,011111,1
01100101000,0100,1
01011101111,011,00
01100000,011011,00
0110111111,0111,00
00100000,0111111,1
0111101100111,00,1
01000100,00100,011
010110111,00100,11
010101001111,000,1
01100101000,0111,1
01011101111,111,00
01100000,111011,00
001000100,010000,1
010001100000,11,00
0100011100111,00,1
0110111111,1111,00
010110111,11011,00
01000100,00100,111
001101001111,000,1
00010101000,0000,1
00111101111,000,11
01100000,100111,00
011001100000,11,00
0110011100111,00,1
01100000,0100000,1
0001111111,0000,11
110110111,01000,00
01000100,01011,000
00010101000,0111,1
001000100,000100,1
011101001111,000,1
01111101111,000,11
01100000,010111,00
010101100000,11,00
0101011100111,00,1
1001111111,0111,00
01100000,0010000,1
110110111,01111,00
01010101000,0100,1
001000100,011011,1
01000100,11011,000
010011001111,000,1
01111101111,111,00
01100000,110111,00
0111011100111,00,1
0010100100,00100,1
01100000,0001000,1
01000100,00111,000
001011001111,000,1
010011100000,11,00
001000100,010111,1
0101111111,0000,11
01100000,101111,00
01000011111,000,11
01010101000,0111,1
0010100100,01111,1
011011001111,000,1
01000100,00111,011
001000100,001111,1
0101111111,0100,11
01100000,011111,00
0110111100111,00,1
00110101000,0111,1
010111001111,000,1
01000100,10111,000
001000100,011111,1
0101111111,1011,00
01000011111,111,00
01100000,011111,11
00001101000,0111,1
0101111100111,00,1
001110111,00000,11
010000010000,11,00
01000100,01111,000
001111001111,000,1
0101111111,0111,00
01001101000,0111,1
00100011111,000,11
001110111,01000,11
0111111100111,00,1
01100000,111111,00
01000100,11111,000
011000010000,11,00
011111001111,000,1
011000100,010000,1
0101111111,1111,00
0110100100,01111,1
01100011111,000,11
0100010010111,00,1
00101101000,0111,1
00100100,01000,011
00010000,010000,11
001000101111,000,1
010100010000,11,00
0001100100,01111,1
0011111111,0000,11
00100100,01000,111
01101101000,0000,1
01100000,0111011,1
011000101111,000,1
011100010000,11,00
00010000,001000,11
01010011111,000,11
00100100,01011,000
01101101000,0100,1
1011111111,0111,00
010100101111,000,1
010010010000,11,00
0111010010111,00,1
011000100,011011,1
00100100,11011,000
00000011000,0111,1
001100101111,000,1
011010010000,11,00
01100000,0110111,1
0111111111,0000,11
011000100,010111,1
00100100,00111,000
00010000,011111,11
01000011000,0000,1
011100101111,000,1
0101100100,01111,1
010110010000,11,00
01100000,0101111,1
0110110010111,00,1
011000100,001111,1
00110011111,000,11
0111111111,0100,11
00100100,00111,011
01000011000,0111,1
010010101111,000,1
0000010100,01111,1
011110010000,11,00
0101110010111,00,1
011000100,011111,1
01100000,0011111,1
01110011111,000,11
001110111,00100,11
00100100,10111,000
0111111111,1011,00
001010101111,000,1
0100010100,00100,1
010001010000,11,00
00100011000,0000,1
01100000,0111111,1
01110011111,111,00
001110111,01111,11
011010101111,000,1
00100100,01111,000
0111111111,1111,00
011001010000,11,00
10010000,011011,00
0111110010111,00,1
0100010100,01111,1
00100011000,0111,1
01001011111,000,11
00010000,0100000,1
101110111,01000,00
010110101111,000,1
00100100,11111,000
010101010000,11,00
0010010100,01000,1
10010000,010111,00
100000000,0111,000
001110101111,000,1
00010000,0010000,1
101110111,01111,00
0111001010111,00,1
0010010100,01111,1
10010000,011111,00
010000000,0000,011
011110101111,000,1
00010100,00111,011
011110111,00000,11
010011010000,11,00
01100011000,0111,1
0110010100,01111,1
00101011111,000,11
00010000,0000100,1
0110101010111,00,1
10101011,01111,000
010000000,0000,111
010001101111,000,1
011110111,10000,00
0001010100,01111,1
00010011000,0000,1
01010000,001000,11
01101011111,000,11
00010000,0111011,1
01101011,00111,000
0101101010111,00,1
010000000,1011,000
001001101111,000,1
0101010100,01111,1
011110111,01000,00
01010000,011000,00
000100100,010000,1
00010011000,0111,1
01101011111,111,00
0111101010111,00,1
010000000,0111,000
011001101111,000,1
010000110000,11,00
0110101011,00000,1
01010000,011000,11
000100100,001000,1
01010011000,0100,1
011110111,01000,11
00010000,0110111,1
0100011010111,00,1
010101101111,000,1
01011011111,000,11
010000000,1111,000
0110101011,01000,1
011000110000,11,00
01010000,000100,11
011110111,00100,11
0110011010111,00,1
00010000,0101111,1
01011011111,011,00
0110101011,00100,1
001101101111,000,1
001000000,0000,011
010100110000,11,00
01010000,101011,00
01011011,00000,011
011110111,11011,00
0101011010111,00,1
00010000,0011111,1
01011011111,111,00
0101101011,00000,1
01010011000,0111,1
011101101111,000,1
01011011,01000,011
01010000,011011,00
001000000,0000,111
011110111,10111,00
0111011010111,00,1
0101101011,01000,1
00110011000,0111,1
00010000,0111111,1
010010110000,11,00
010011101111,000,1
00111011111,000,11
000100100,011011,1
01010000,111011,00
001000000,1011,000
111110111,01000,00
0101101011,00100,1
00001011000,0111,1
01010000,0010000,1
000100100,010111,1
01111011111,000,11
001011101111,000,1
01010000,100111,00
001000000,0111,000
0110111010111,00,1
0011101011,00000,1
01001011000,0111,1
000100100,001111,1
01010000,0110000,1
011011101111,000,1
01010000,010111,00
01111011111,111,00
001000000,1111,000
0101111010111,00,1
011110110000,11,00
0011101011,01000,1
00101011000,0111,1
01010000,0001000,1
010111101111,000,1
000100100,011111,1
01010000,110111,00
101000000,0111,000
0111111010111,00,1
010001110000,11,00
010001111,00100,11
01101011000,0000,1
0011101011,00100,1
01010000,0011000,1
010100100,011000,1
001111101111,000,1
01010000,101111,00
0101000110111,00,1
01101011000,0100,1
011000000,0000,111
0011101011,01111,1
01010000,0100100,1
010100100,011011,1
01010000,011111,00
011111101111,000,1
0111000110111,00,1
010001111,11011,00
01011011000,0000,1
01010000,0010100,1
011000000,0100,111
010100100,010111,1
0111101011,00000,1
011101110000,11,00
01010000,011111,11
001000011111,000,1
01011011000,0100,1
010001111,10111,00
01010000,0111011,1
011000000,1011,000
01011011,00100,011
0111101011,01000,1
01100111111,000,11
0110100110111,00,1
01010000,111111,00
010000001000,11,00
010001111,01111,00
01010000,0100111,1
00111011000,0000,1
01011011,00111,000
011000000,0111,000
01100111111,111,00
0111101011,00100,1
0101100110111,00,1
011000001000,11,00
00110000,010000,11
01010000,0110111,1
010001111,01111,11
00111011000,0111,1
01011011,00111,011
011000000,1111,000
01010111111,000,11
0110011011,00000,1
010100001000,11,00
0111100110111,00,1
00110000,001000,11
01010000,0101111,1
01111011000,0000,1
010001111,11111,00
000100000,0000,011
010100100,001111,1
01010111111,011,00
0110011011,01000,1
01010000,0011111,1
0100010110111,00,1
011100011111,000,1
01111011000,0100,1
110001111,01000,00
000100000,0000,111
010100100,011111,1
010010001000,11,00
01010111111,111,00
0110011011,00100,1
00110000,000100,11
01010000,0111111,1
00000000100,0111,1
0110010110111,00,1
100100000,0111,000
001100100,010000,1
011010001000,11,00
0101011011,00000,1
00110111111,000,11
00110000,011111,11
00110000,0100000,1
001001111,01000,11
01000000100,0000,1
0101010110111,00,1
010100000,0000,011
0101011011,01000,1
010110001000,11,00
01110111111,000,11
10110000,010000,00
011010011111,000,1
00110000,0010000,1
001100100,011011,1
0111010110111,00,1
001001111,01111,11
0101011011,00100,1
01000000100,0111,1
011110001000,11,00
010100000,0000,111
01110111111,111,00
010110011111,000,1
00110000,0110000,1
11011011,01111,000
0100110110111,00,1
00100000100,0000,1
0011011011,00000,1
010001001000,11,00
101001111,01000,00
010100000,0100,011
01001111111,000,11
00110000,0001000,1
001110011111,000,1
0110110110111,00,1
00111011,00000,011
0011011011,01000,1
10110000,011111,00
00100000100,0111,1
011001001000,11,00
010100000,0100,111
011001111,00000,11
00110000,0101000,1
011110011111,000,1
00111011,01000,011
0101110110111,00,1
0011011011,00100,1
010100000,1011,000
010101001000,11,00
00110000,0100100,1
011001111,10000,00
00111011,00100,011
0111110110111,00,1
0111011011,00000,1
010100000,0111,000
01110000,100000,00
00110000,0010100,1
00101111111,000,11
011001111,01000,00
00111011,01011,000
0100001110111,00,1
01100000100,0111,1
0111011011,01000,1
010011001000,11,00
010100000,1111,000
01110000,010000,00
01101111111,000,11
00110000,0111011,1
011001111,01000,11
00111011,01111,000
0111011011,00100,1
00010000100,0000,1
001100000,0000,011
01101111111,111,00
011001011111,000,1
01110000,010000,11
0111011011,01111,1
00010000100,0111,1
001100100,010111,1
011001111,00100,11
001100000,0000,111
010101011111,000,1
00110000,0110111,1
0111001110111,00,1
010000101000,11,00
01011111111,000,11
0100111011,00000,1
001100100,001111,1
01010000100,0000,1
011001111,11011,00
001101011111,000,1
001100000,1011,000
00110000,0101111,1
011000101000,11,00
0100111011,01000,1
01011111111,011,00
01010000100,0100,1
001100100,011111,1
011001111,10111,00
011101011111,000,1
0110101110111,00,1
001100000,0111,000
00110000,0011111,1
0100111011,00100,1
010100101000,11,00
01011111111,111,00
01010000100,0111,1
0101101110111,00,1
010011011111,000,1
111001111,01000,00
001100000,1111,000
00110000,0111111,1
000010100,011011,1
10111011,01111,000
00110000100,0000,1
00111111111,000,11
0111101110111,00,1
001011011111,000,1
010010101000,11,00
100101111,01000,00
000010100,010111,1
01110000,0000000,1
01111011,00000,111
00110000100,0111,1
011011011111,000,1
01111111111,000,11
000010100,001111,1
01111011,01000,111
010101111,00000,11
01110000,0100000,1
01110000100,0000,1
0110011110111,00,1
010111011111,000,1
000010100,011111,1
011100000,0100,111
01111111111,111,00
01111011,00100,111
010001101000,11,00
01110000,0010000,1
0101011110111,00,1
010101111,10000,00
001111011111,000,1
010010100,011000,1
01110000,101111,00
01111011,11011,000
0111011110111,00,1
00001000100,0111,1
01110000,0110000,1
010101111,01000,00
010010100,011011,1
011111011111,000,1
01110000,011111,00
01111011,00111,000
01110000,0001000,1
01001000100,0000,1
010101111,01000,11
011101101000,11,00
100010000,0111,000
0110111110111,00,1
010010100,010111,1
01110000,0101000,1
01110000,011111,11
01111011,10111,000
0100111011,01111,1
010101111,00100,11
010000011000,11,00
0101111110111,00,1
010010000,0000,011
010010100,001111,1
01110000,0011000,1
00100111,01000,011
010101111,01011,00
011000011000,11,00
011000111111,000,1
0010111011,00000,1
010010000,0000,111
0111111110111,00,1
010010100,011111,1
00100111,01000,111
010100011000,11,00
01001000100,0111,1
01110000,0000100,1
010100111111,000,1
0010111011,01000,1
0100010001111,00,1
010101111,11011,00
010010000,1011,000
001010100,010000,1
00001000,011111,11
00101000100,0000,1
00100111,00111,011
01110000,0100100,1
0010111011,00100,1
001100111111,000,1
010010011000,11,00
010010000,0111,000
010101111,10111,00
10001000,010000,00
00101000100,0111,1
01110000,0010100,1
01100111,00111,000
0010111011,01111,1
011100111111,000,1
001010100,011011,1
110101111,01000,00
10001000,011011,00
010010000,1111,000
01110000,0111011,1
0111010001111,00,1
0110111011,00000,1
01100111,10111,000
001010100,010111,1
010010111111,000,1
110101111,01111,00
10001000,010111,00
001010000,0000,011
0110111011,01000,1
001010100,001111,1
010001011000,11,00
01101000100,0111,1
001101111,00000,11
001010111111,000,1
001010000,0000,111
01010111,00000,011
0110111011,00100,1
01110000,0110111,1
10001000,011111,00
0110110001111,00,1
001010100,011111,1
00011000100,0000,1
001101111,01000,11
001010000,1011,000
01010111,01000,011
011010111111,000,1
01110000,0101111,1
0110111011,01111,1
0101110001111,00,1
011101011,000000,1
00011000100,0111,1
001010000,0111,000
001101111,00100,11
01010111,00100,011
01001000,011000,00
011101011000,11,00
010110111111,000,1
0111110001111,00,1
0001111011,00000,1
011101011,010000,1
101101111,01000,00
001010000,1111,000
01010111,01011,000
01001000,011000,11
0100001001111,00,1
001110111111,000,1
01110000,0111111,1
0001111011,01111,1
011101011,001000,1
101101111,01111,00
011011011000,11,00
01010111,00111,000
01001000,000100,11
01011000100,0111,1
011110111111,000,1
011101011,011000,1
00001000,0100000,1
0101111011,00000,1
010111011000,11,00
01001000,101011,00
011101111,00000,11
01010111,00111,011
011010000,0100,111
011101011,000100,1
00001000,0010000,1
01001000,011011,00
0111001001111,00,1
011111011000,11,00
0101111011,01000,1
011101111,10000,00
01010111,10111,000
00111000100,0111,1
011101011,010100,1
01001000,111011,00
0101111011,00100,1
011010000,0111,000
010000000100,11,00
011101111,01000,00
11010111,01111,000
00000100100,0111,1
011101011,001111,1
00001000,0001000,1
01001000,100111,00
011001111111,000,1
0110101001111,00,1
011000000100,11,00
011101111,01000,11
00110111,00000,011
01000100100,0000,1
00001000,0111011,1
01001000,010111,00
011011011,000000,1
010101111111,000,1
0101101001111,00,1
0011111011,00000,1
000110000,0000,011
011101111,00100,11
010100000100,11,00
01000100100,0111,1
01001000,110111,00
00110111,01000,011
001101111111,000,1
0111101001111,00,1
011011011,010000,1
0011111011,01000,1
011101111,11011,00
000110000,0000,111
00100100100,0000,1
01001000,101111,00
00001000,0110111,1
011011011,001000,1
011101111,10111,00
011101111111,000,1
00110111,00100,011
0011111011,00100,1
010110000,0000,011
010010000100,11,00
01001000,011111,00
0110011001111,00,1
00100100100,0111,1
00001000,0101111,1
011101111,01111,00
011011011,011000,1
00110111,01011,000
010011111111,000,1
011010000100,11,00
0101011001111,00,1
01001000,011111,11
00001000,0011111,1
011011011,000100,1
011101111,01111,11
0111111011,00000,1
0111011001111,00,1
00110111,00111,000
010110000100,11,00
001011111111,000,1
01001000,111111,00
01100100100,0111,1
00001000,0111111,1
011011011,010100,1
111101111,01000,00
010110000,0100,111
0111111011,01000,1
00110111,00111,011
00101000,010000,11
010001000100,11,00
011011111111,000,1
00010100100,0000,1
01001000,0110000,1
011011011,010111,1
100011111,01000,00
0111111011,00100,1
00010100100,0111,1
011001000100,11,00
00110111,10111,000
010110000,0111,000
010111111111,000,1
01001000,0001000,1
011011011,001111,1
00101000,000100,11
0000100111,01111,1
01010100100,0100,1
010101000100,11,00
01001000,0101000,1
10110111,01111,000
001111111111,000,1
010111011,000000,1
00101000,011111,11
0100100111,00100,1
01010100100,0111,1
01001000,0011000,1
0110111001111,00,1
001110000,0000,011
010011111,00000,11
010011000100,11,00
01110111,00000,111
010111011,010000,1
0100100111,01111,1
00110100100,0111,1
011111111111,000,1
0101111001111,00,1
01001000,0010100,1
010011111,10000,00
010111011,001000,1
01110111,01000,111
0010100111,01000,1
01101000,010000,00
00001100100,0111,1
01001000,0111011,1
0111111001111,00,1
010011111,01000,00
010111011,011000,1
001110000,0111,000
01110111,00100,111
0010100111,00100,1
01101000,010000,11
01001100100,0111,1
01001000,0100111,1
010000100100,11,00
010111011,000100,1
010011111,01000,11
01110111,11011,000
0010100111,01111,1
101110000,0111,000
00101100100,0111,1
011000100100,11,00
01001000,0110111,1
0111000101111,00,1
010111011,010100,1
010011111,00100,11
100001000,0111,000
01110111,00111,000
0110100111,00000,1
010100100100,11,00
01001000,0101111,1
00000010100,0111,1
010001000,0000,011
01101000,010100,11
01110111,10111,000
010010100100,11,00
0110100111,01000,1
0110100101111,00,1
01001000,0011111,1
01000010100,0000,1
010001000,0000,111
0101100101111,00,1
01101000,011011,00
01110111,01111,000
0110100111,00100,1
01001000,0111111,1
010001100100,11,00
010001000,1011,000
010111011,001111,1
01000010100,0111,1
0111100101111,00,1
10001111,01111,000
0101100111,00000,1
00101000,0100000,1
010001000,0111,000
00100010100,0000,1
001111011,000000,1
110011111,01000,00
0101100111,01000,1
010000010100,11,00
01001111,00000,011
010001000,1111,000
0110010101111,00,1
001111011,010000,1
00101000,0110000,1
01101000,010111,00
00100010100,0111,1
0101100111,00100,1
011000010100,11,00
0101010101111,00,1
110011111,01111,00
001001000,0000,011
001111011,001000,1
00101000,0001000,1
0111010101111,00,1
010100010100,11,00
0011100111,00000,1
001011111,00000,11
01001111,01000,011
001001000,0000,111
00101000,0101000,1
0100110101111,00,1
010010010100,11,00
0011100111,01000,1
01100010100,0111,1
001011111,01000,11
001111011,000100,1
0110110101111,00,1
01001111,01000,111
001001000,1011,000
01101000,011111,00
00101000,0011000,1
010001010100,11,00
0011100111,00100,1
00010010100,0000,1
0101110101111,00,1
001011111,00100,11
001001000,0111,000
00101000,0100100,1
01001111,00100,011
01101000,011111,11
011110101011,11,00
00010010100,0111,1
0111110101111,00,1
00101000,0111011,1
001001000,1111,000
011101101011,11,00
0100001101111,00,1
01010010100,0100,1
0111100111,00000,1
101011111,01000,00
001111011,011111,1
01001111,01011,000
011001000,0100,111
00011000,010000,11
0111100111,01000,1
00101000,0110111,1
01010010100,0111,1
101011111,01111,00
011011101011,11,00
0101001101111,00,1
011111011,000000,1
00011000,001000,11
000101000,0000,011
0111100111,00100,1
00101000,0101111,1
00110010100,0111,1
01001111,00111,000
010111101011,11,00
0111001101111,00,1
011011111,00000,11
011111011,010000,1
0010010111,01000,1
000101000,0000,111
00001010100,0111,1
00101000,0011111,1
0100101101111,00,1
0010010111,01111,1
00011000,000100,11
011111011,001000,1
010101000,0100,011
011111101011,11,00
011011111,10000,00
01001010100,0111,1
00101000,0111111,1
01001111,10111,000
0110101101111,00,1
010101000,0100,111
00011000,011111,11
0110010111,00000,1
011110011011,11,00
011111011,011000,1
011011111,01000,00
00101010100,0111,1
01001111,01111,000
101101000,0111,000
0101101101111,00,1
0110010111,01000,1
011101011011,11,00
011111011,000100,1
01110101011,0000,1
011011111,01000,11
01101000,0100000,1
0110010111,00100,1
101011000,0111,000
01011000,010000,00
0111101101111,00,1
011011011011,11,00
011111011,010100,1
01110101011,0100,1
011011111,00100,11
0101010111,00000,1
01011000,010000,11
011011000,1011,000
010111011011,11,00
0100011101111,00,1
11001111,01111,000
011111011,001111,1
01101101011,0000,1
011011111,11011,00
0101010111,01000,1
011111011011,11,00
100000100,0111,000
00101111,00000,011
000100111,010000,1
0110011101111,00,1
0101010111,00100,1
01101101011,0100,1
01101000,0101000,1
011011111,10111,00
000100111,001000,1
00101111,01000,011
0101011101111,00,1
01011000,010100,11
011100111011,11,00
01101101011,0111,1
0011010111,00000,1
010000100,0000,011
01101000,0100100,1
011011111,01111,00
0111011101111,00,1
00101111,00100,011
0011010111,01000,1
01011101011,0000,1
000100111,011011,1
010000100,0000,111
0011010111,00100,1
01011000,011011,00
00101111,01011,000
011010111011,11,00
011011111,01111,11
01011101011,0100,1
01101000,0111011,1
000100111,010111,1
0111010111,00000,1
010000100,1011,000
010110111011,11,00
00101111,00111,000
111011111,01000,00
0110111101111,00,1
0111010111,01000,1
000100111,001111,1
010000100,0111,000
011110111011,11,00
01101000,0110111,1
0101111101111,00,1
000111111,00000,11
00111101011,0000,1
0111010111,00100,1
000100111,011111,1
010000100,1111,000
010001111011,11,00
01011000,010111,00
00101111,10111,000
01101000,0101111,1
0111111101111,00,1
0111010111,01111,1
001000100,0000,011
011001111011,11,00
00101111,01111,000
0100110111,00000,1
100111111,01000,00
01111101011,0000,1
010100111,010000,1
010101111011,11,00
001000100,0000,111
0100110111,01000,1
10101111,01111,000
01101000,0111111,1
100111111,01111,00
01111101011,0100,1
01011000,011111,00
0100110111,00100,1
001000100,1011,000
011101111011,11,00
00011000,0100000,1
01101111,00000,111
010111111,00000,11
0100110111,01111,1
01011000,011111,11
001000100,0111,000
00011000,0010000,1
01101111,01000,111
010111111,10000,00
011011111011,11,00
001000100,1111,000
010100111,011011,1
01010011011,0111,1
0010110111,00000,1
11011000,010000,00
010111111,01000,00
01101111,00100,111
0010110111,01000,1
010100111,010111,1
0111100011111,00,1
01110011011,0000,1
010111111011,11,00
00011000,0001000,1
0010110111,00100,1
01101111,11011,000
010111111,01000,11
011000100,0100,111
010100111,011111,1
01110011011,0100,1
011111111011,11,00
11011000,011111,00
0110110111,00000,1
00011000,0111011,1
01101111,00111,000
01101011011,0000,1
010111111,00100,11
011100111,000000,1
0110110111,01000,1
010000100111,11,00
011000100,0111,000
01101111,10111,000
01101011011,0100,1
011100111,010000,1
010111111,11011,00
00000100,011111,11
011000100111,11,00
0110110111,00100,1
00011000,0110111,1
01101111,01111,000
01101011011,0111,1
011100111,001000,1
0111010011111,00,1
010111111,10111,00
010100100111,11,00
10000100,010000,00
0110110111,01111,1
00011000,0101111,1
000100100,0000,011
01011011011,0000,1
00011111,00000,011
011100111,011000,1
10000100,011011,00
010010100111,11,00
0001110111,00000,1
00011000,0011111,1
01011011011,0100,1
0110110011111,00,1
011100111,000100,1
000100100,0000,111
010111111,01111,00
0101110111,00000,1
10000100,010111,00
011110100111,11,00
01011011011,0111,1
10011111,01111,000
00011000,0111111,1
0101110111,01000,1
011100111,010100,1
0101110011111,00,1
010100100,0100,011
10000100,011111,00
011101100111,11,00
01011111,00000,011
011100111,001111,1
00111011011,0000,1
0101110111,00100,1
110111111,01000,00
01011000,0100000,1
010100100,0100,111
0111110011111,00,1
01011111,00000,111
00111011011,0111,1
0101110111,01111,1
110111111,01111,00
011011100111,11,00
101101011,0111,000
01000100,001000,11
01011111,01000,011
01111011011,0000,1
0011110111,00000,1
011101011,1011,000
010111100111,11,00
001111111,00000,11
01000100,011000,00
01011000,0101000,1
01011111,01000,111
0011110111,01000,1
01111011011,0100,1
010010111,010000,1
01000100,011000,11
011111100111,11,00
001111111,01000,11
01011111,00100,011
0011110111,00100,1
0111001011111,00,1
01000100,101011,00
010010010111,11,00
00100111011,0111,1
001111111,00100,11
101011011,0111,000
01011111,00100,111
0011110111,01111,1
01000100,011011,00
01011000,0100100,1
011110010111,11,00
01100111011,0000,1
011011011,1011,000
0110101011111,00,1
01000100,111011,00
0111110111,00000,1
01011111,11011,000
011101010111,11,00
010010111,011011,1
01100111011,0100,1
011011011,0111,000
01000100,100111,00
0101101011111,00,1
01011111,00111,000
01011000,0111011,1
0111110111,01000,1
101111111,01000,00
010010111,010111,1
011011010111,11,00
100111011,0111,000
01000100,010111,00
0111101011111,00,1
01011111,00111,011
0111110111,00100,1
010010111,011111,1
010111010111,11,00
101111111,01111,00
01010111011,0000,1
01000100,110111,00
010111011,0000,011
01011000,0110111,1
0100011011111,00,1
01011111,10111,000
0010001111,01000,1
011111010111,11,00
01010111011,0100,1
010111011,0100,011
011010111,000000,1
01000100,101111,00
01011000,0101111,1
01011111,01111,000
011111111,00000,11
0110011011111,00,1
0010001111,01111,1
010111011,1011,000
011010111,010000,1
01000100,011111,00
11011111,01111,000
0101011011111,00,1
011111111,10000,00
010111011,0111,000
0110001111,00000,1
011010111,001000,1
00110111011,0000,1
01011000,0111111,1
01000100,011111,11
00111111,00000,011
0111011011111,00,1
011100110111,11,00
011111111,01000,00
001111011,0000,011
00110111011,0111,1
011010111,011000,1
0110001111,01000,1
01000100,111111,00
011010110111,11,00
00111111,00000,111
01110111011,0000,1
001111011,1011,000
011010111,000100,1
0110001111,00100,1
011111111,01000,11
00000100,0111011,1
0110111011111,00,1
00100100,010000,11
010110110111,11,00
00111111,01000,011
011010111,010100,1
01110111011,0100,1
001111011,0111,000
0110001111,01111,1
0101111011111,00,1
011111111,00100,11
011110110111,11,00
00111111,01000,111
011010111,011011,1
01001111011,0000,1
0001001111,01111,1
101111011,0111,000
00100100,011111,11
011001110111,11,00
00000100,0110111,1
0111111011111,00,1
011111111,11011,00
011010111,010111,1
00111111,00100,011
0101001111,00000,1
011111011,0000,111
010101110111,11,00
00000100,0101111,1
011010111,001111,1
00101111011,0000,1
00111111,00100,111
011111111,10111,00
01100100,010100,11
0101001111,01000,1
011111011,0100,111
011101110111,11,00
00000100,0011111,1
010110111,000000,1
00111111,01011,000
0101001111,00100,1
01100100,011111,11
011111011,1011,000
011111111,11111,00
00000100,0111111,1
01101111011,0000,1
010110111,010000,1
00111111,11011,000
00010100,010000,11
0101001111,01111,1
011011110111,11,00
011111011,1111,000
01000100,0010000,1
111111111,01000,00
0111000111111,00,1
01101111011,0100,1
010110111,001000,1
00111111,10111,000
00010100,001000,11
010111110111,11,00
0011001111,00000,1
010100111,0000,011
01000100,0110000,1
01101111011,0111,1
010110111,011000,1
0110100111111,00,1
00111111,01111,000
0011001111,01000,1
011111110111,11,00
01000100,0011000,1
00011111011,0000,1
0101100111111,00,1
010110111,000100,1
00010100,011111,11
0011001111,00100,1
10111111,01111,000
01000100,0010100,1
010010001111,11,00
0111100111111,00,1
010110111,010100,1
01010100,011000,11
010100111,0100,111
01000100,0111011,1
0011001111,01111,1
01111111,00000,111
01011111011,0000,1
01010100,011111,11
0110010111111,00,1
01000100,0100111,1
0111001111,00000,1
01011111011,0100,1
010110111,010111,1
0101010111111,00,1
01111111,01000,111
10101011,010000,00
010100111,0111,000
01000100,0110111,1
011110001111,11,00
0111001111,01000,1
0111010111111,00,1
010110111,001111,1
01111111,00100,111
01000100,0101111,1
0100110111111,00,1
0111001111,00100,1
010001001111,11,00
001110111,000000,1
00111111011,0000,1
10101011,011011,00
001100111,0000,011
0110110111111,00,1
01111111,11011,000
01000100,0011111,1
0111001111,01111,1
001110111,010000,1
10101011,010111,00
001100111,0111,000
0101110111111,00,1
01000100,0111111,1
01111111,00111,000
10101011,011111,00
001110111,001000,1
0100101111,00000,1
01111111011,0000,1
011101001111,11,00
0111110111111,00,1
101100111,0111,000
00100100,0100000,1
01101011,100000,00
01111111,10111,000
0100101111,01000,1
01111111011,0100,1
011100111,1011,000
00100100,0110000,1
01101011,010000,00
001110111,000100,1
0100101111,00100,1
01111111,11111,000
00000100111,0111,1
011011001111,11,00
00100100,0101000,1
010010111,0000,011
01101011,011000,00
0100101111,01111,1
01000100111,0111,1
010111001111,11,00
00100100,0011000,1
0010101111,00000,1
0111001111111,00,1
001110111,010111,1
01101011,100111,00
00100100111,0111,1
0010101111,01000,1
00100100,0111011,1
011111001111,11,00
01101011,010111,00
001110111,001111,1
0010101111,00100,1
010010111,0111,000
0110101111111,00,1
11101011,010000,00
001110111,011111,1
0010101111,01111,1
00100100,0110111,1
0101101111111,00,1
0110101111,00000,1
011110111,000000,1
01100100111,0111,1
00100100,0101111,1
011100101111,11,00
001010111,0000,011
0111101111111,00,1
11101011,011111,00
0110101111,01000,1
011110111,010000,1
00010100111,0111,1
00100100,0011111,1
0110101111,00100,1
001010111,0111,000
10011011,010000,00
0110011111111,00,1
0110101111,01111,1
011110111,001000,1
011010101111,11,00
101010111,0111,000
00100100,0111111,1
0101011111111,00,1
0001101111,00000,1
011110111,011000,1
010110101111,11,00
10011011,010111,00
011010111,1011,000
0111011111111,00,1
0001101111,01111,1
01010100111,0111,1
011110111,000100,1
011110101111,11,00
011010111,0111,000
01011011,100000,00
0101101111,00000,1
01100100,0101000,1
01110100111,0000,1
011110111,010100,1
0101101111,01000,1
0110111111111,00,1
000110111,0000,011
010001101111,11,00
01011011,010000,00
0101101111,00100,1
011110111,001111,1
01110100111,0100,1
011001101111,11,00
01100100,0111011,1
0101111111111,00,1
100110111,0111,000
01011011,011000,00
0101101111,01111,1
011110111,011111,1
010101101111,11,00
0111111111111,00,1
010110111,0000,011
01011011,101011,00
0011101111,00000,1
01001100111,0111,1
011101101111,11,00
01100100,0110111,1
01011011,100111,00
010110111,0100,011
0011101111,01000,1
010001111,010000,1
01101100111,0000,1
010011101111,11,00
01100100,0101111,1
11011011,010000,00
0011101111,00100,1
010110111,1011,000
01101100111,0100,1
010001111,001000,1
011011101111,11,00
01100100,0111111,1
0011101111,01111,1
010110111,0111,000
01101100111,0111,1
010111101111,11,00
0111101111,00000,1
11011011,011111,00
00010100,0100000,1
001110111,0000,011
0111101111,01000,1
01011100111,0000,1
011111101111,11,00
10111011,010000,00
00010100,0010000,1
0111101111,00100,1
001110111,1011,000
010001111,011011,1
01011100111,0100,1
0100011111,00000,1
010001111,010111,1
001110111,0111,000
10111011,010111,00
00010100,0111011,1
010001111,001111,1
00111100111,0000,1
0100011111,01111,1
101110111,0111,000
011100011111,11,00
10111011,011111,00
0010011111,00000,1
010001111,011111,1
011110111,0000,111
00010100,0110111,1
01111011,000000,11
011110111,0100,111
011010011111,11,00
0010011111,01111,1
01111100111,0000,1
01111011,100000,00
00010100,0101111,1
001001111,010000,1
011110111,1011,000
0110011111,00000,1
010110011111,11,00
01111100111,0100,1
01111011,010000,00
00010100,0011111,1
001001111,001000,1
0110011111,01000,1
011110011111,11,00
011110111,1111,000
01111011,010000,11
00010010111,0111,1
00010100,0111111,1
0110011111,00100,1
010001111,0000,011
01111011,001000,11
011001011111,11,00
01111011,011000,00
0001011111,00000,1
01010100,0111011,1
001001111,011011,1
01010010111,0111,1
010101011111,11,00
0001011111,01111,1
01111011,011000,11
001001111,010111,1
01010100,0110111,1
0101011111,00000,1
011101011111,11,00
01110010111,0000,1
010001111,0111,000
01111011,000100,11
01010100,0101111,1
001001111,001111,1
0101011111,01000,1
01110010111,0100,1
010011011111,11,00
01111011,010100,11
01010100,0111111,1
001001111,011111,1
0101011111,00100,1
01111011,101011,00
011011011111,11,00
001001111,0000,011
011001111,000000,1
01101011,0000000,1
0011011111,00000,1
01001010111,0111,1
01111011,110111,00
010111011111,11,00
011001111,010000,1
01101011,0100000,1
0011011111,01000,1
01101010111,0000,1
01111011,101111,00
011111011111,11,00
0011011111,00100,1
01101011,0010000,1
011001111,001000,1
01101010111,0100,1
11111011,010000,00
001001111,0111,000
0011011111,01111,1
01101011,0110000,1
011001111,011000,1
0111011111,00000,1
01101010111,0111,1
01101011,0001000,1
011001111,000100,1
0111011111,01000,1
01011010111,0000,1
101001111,0111,000
00100111,010000,11
01101011,0101000,1
011001111,010100,1
0111011111,00100,1
01011010111,0100,1
011100111111,11,00
00100111,001000,11
011001111,1011,000
01101011,0011000,1
0111011111,01111,1
01011010111,0111,1
01101011,0000100,1
0000111111,00000,1
011001111,0111,000
00100111,011111,11
00111010111,0000,1
011010111111,11,00
0000111111,01111,1
01101011,0100100,1
011001111,001111,1
000101111,0000,011
0100111111,00000,1
00111010111,0111,1
010110111111,11,00
10100111,010000,00
01101011,0010100,1
010101111,000000,1
100101111,0111,000
0100111111,01000,1
01111010111,0000,1
01101011,0100111,1
010101111,010000,1
011110111111,11,00
0100111111,00100,1
010101111,0000,011
10100111,011011,00
01111010111,0100,1
010101111,001000,1
010101111,0100,011
10100111,010111,00
0010111111,00000,1
010101111,011000,1
011001111111,11,00
010101111,1011,000
0010111111,01000,1
01011011,0000000,1
010101111,000100,1
01100111,100000,00
01000110111,0111,1
010101111,0111,000
0010111111,00100,1
010101111111,11,00
010101111,010100,1
01100111,010000,00
01011011,0100000,1
01100110111,0000,1
001101111,0000,011
011101111111,11,00
01100111,011000,00
01011011,0010000,1
01100110111,0100,1
0110111111,00000,1
001101111,1011,000
01100111,101011,00
01011011,0110000,1
01100110111,0111,1
0110111111,01000,1
001101111,0111,000
01100111,011011,00
01011011,0001000,1
011011111111,11,00
01010110111,0000,1
0110111111,00100,1
101101111,0111,000
01100111,010111,00
010101111,001111,1
01010110111,0100,1
01011011,0101000,1
0110111111,01111,1
010111111111,11,00
01100111,101111,00
011101111,0000,111
01010110111,0111,1
01011011,0011000,1
0001111111,00000,1
001101111,000000,1
011111111111,11,00
11100111,010000,00
011101111,0100,111
01011011,0000100,1
00110110111,0000,1
001101111,010000,1
01011011,0100100,1
0101111111,00000,1
011101111,1011,000
00110110111,0111,1
001101111,001000,1
01011011,0010100,1
11100111,011111,00
0101111111,01000,1
01011011,0100111,1
011101111,1111,000
01110110111,0000,1
0101111111,00100,1
10010111,010000,00
001101111,000100,1
01110110111,0100,1
100011111,0111,000
00111011,0000000,1
001101111,011011,1
010011111,0000,011
0011111111,00000,1
01001110111,0000,1
00111011,0100000,1
10010111,011011,00
001101111,010111,1
00111011,0010000,1
01001110111,0111,1
0011111111,01000,1
01010111,100000,00
00111011,0110000,1
001101111,001111,1
010011111,1011,000
0011111111,00100,1
00101110111,0000,1
01010111,010000,00
00111011,0001000,1
011101111,000000,1
010011111,0111,000
00111011,0101000,1
00101110111,0111,1
01010111,011000,00
00111011,0011000,1
0111111111,00000,1
011101111,010000,1
01010111,101011,00
01101110111,0000,1
00111011,0000100,1
0111111111,01000,1
011101111,001000,1
01010111,011011,00
01101110111,0100,1
001011111,0000,011
00111011,0100100,1
0111111111,00100,1
011101111,011000,1
00111011,0010100,1
01101110111,0111,1
01010111,100111,00
001011111,1011,000
00111011,0111011,1
011101111,000100,1
00011110111,0000,1
01010111,101111,00
00111011,0110111,1
001011111,0111,000
011101111,010100,1
00111011,0101111,1
11010111,010000,00
00011110111,0111,1
101011111,0111,000
011101111,001111,1
00111011,0111111,1
01011110111,0000,1
011011111,0000,111
011101111,011111,1
01111011,0000000,1
11010111,011111,00
01011110111,0100,1
01111011,0100000,1
011011111,0100,111
10110111,010000,00
010011111,000000,1
01111011,0010000,1
011011111,1011,000
010011111,010000,1
01111011,0110000,1
00111110111,0000,1
011011111,0111,000
10110111,010111,00
01111011,0001000,1
010011111,001000,1
011011111,1111,000
01111011,0101000,1
10110111,011111,00
01111110111,0000,1
000111111,0000,011
01111011,0011000,1
010011111,000100,1
01110111,000000,11
01111011,0000100,1
01111110111,0100,1
100111111,0111,000
01111011,0100100,1
01110111,100000,00
010111111,0000,011
00010001111,0000,1
01111011,0010100,1
01110111,010000,00
010111111,0000,111
01111011,0100111,1
00010001111,0111,1
01110111,010000,11
01111011,0011111,1
010111111,0100,011
00100111,0100000,1
01110111,001000,11
010011111,011111,1
010111111,0100,111
00100111,0010000,1
01110111,011000,00
001011111,000000,1
01010001111,0111,1
010111111,1011,000
01110111,011000,11
001011111,010000,1
00100111,0101000,1
010111111,0111,000
00100111,0011000,1
01110111,000100,11
001011111,001000,1
00110001111,0111,1
010111111,1111,000
00100111,0111011,1
01110111,010100,11
01110001111,0000,1
001111111,0000,011
001011111,000100,1
01110111,101011,00
00100111,0110111,1
01110001111,0100,1
001111111,0000,111
00100111,0101111,1
01110111,111011,00
00001001111,0111,1
00100111,0011111,1
001111111,1011,000
01110111,101111,00
00100111,0111111,1
001111111,0111,000
01001001111,0111,1
01100111,0000000,1
11110111,010000,00
001011111,011111,1
01100111,0100000,1
001111111,1111,000
01100111,0010000,1
00101001111,0111,1
011011111,000000,1
10001111,010000,00
101111111,0111,000
01100111,0110000,1
011011111,010000,1
01100111,0001000,1
01101001111,0000,1
011111111,0000,111
01100111,0101000,1
01101001111,0100,1
011011111,001000,1
01100111,0011000,1
011111111,0100,111
10001111,011111,00
011011111,011000,1
01100111,0000100,1
011111111,1011,000
01011001111,0000,1
011011111,000100,1
01100111,0100100,1
01100111,0010100,1
01011001111,0100,1
011011111,010100,1
011111111,1111,000
01001111,100000,00
01100111,0100111,1
011011111,010111,1
01100111,0110111,1
01001111,010000,00
011011111,001111,1
00111001111,0000,1
01001111,010000,11
011011111,011111,1
00111001111,0111,1
01010111,0000000,1
000111111,000000,1
01010111,0100000,1
01111001111,0000,1
000111111,010000,1
01010111,0010000,1
01111001111,0100,1
000111111,001000,1
01010111,0110000,1
01010111,0001000,1
01010111,0101000,1
000111111,000100,1
01000101111,0111,1
01010111,0011000,1
01010111,0000100,1
01010111,0100100,1
00100101111,0111,1
01010111,0010100,1
01100101111,0000,1
000111111,011111,1
01010111,0100111,1
01010111,0110111,1
01100101111,0100,1
010111111,000000,1
010111111,010000,1
00110111,0000000,1
01010101111,0000,1
010111111,001000,1
00110111,0100000,1
01001111,101111,00
010111111,011000,1
01010101111,0100,1
00110111,0010000,1
01001111,011111,00
010111111,000100,1
00110111,0110000,1
01001111,011111,11
010111111,010100,1
00110111,0001000,1
00110101111,0000,1
00110111,0101000,1
00110101111,0111,1
010111111,001111,1
00110111,0011000,1
11001111,010000,00
00110111,0000100,1
01110101111,0000,1
00110111,0100100,1
001111111,000000,1
01110101111,0100,1
00110111,0010100,1
001111111,010000,1
11001111,011111,00
01001101111,0000,1
001111111,001000,1
10101111,010000,00
00110111,0110111,1
00110111,0101111,1
001111111,000100,1
00101101111,0000,1
10101111,011011,00
01110111,0000000,1
00101101111,0111,1
01110111,0100000,1
10101111,010111,00
01110111,0010000,1
01101101111,0000,1
10101111,011111,00
01110111,0110000,1
011111111,000000,1
01101101111,0100,1
01110111,0001000,1
01101111,000000,11
011111111,010000,1
01110111,0101000,1
01101101111,0111,1
01101111,100000,00
011111111,001000,1
01110111,0011000,1
00011101111,0000,1
01110111,0000100,1
011111111,011000,1
01101111,010000,00
01110111,0100100,1
00011101111,0111,1
011111111,000100,1
01101111,010000,11
01110111,0010100,1
011111111,010100,1
01011101111,0000,1
01110111,0100111,1
01101111,001000,11
011111111,001111,1
01110111,0110111,1
01011101111,0100,1
01101111,011000,00
01110111,0101111,1
01101111,011000,11
01110111,0011111,1
00111101111,0000,1
01101111,000100,11
01001111,0000000,1
01101111,010100,11
01001111,0100000,1
01111101111,0000,1
01101111,101011,00
01001111,0010000,1
01111101111,0100,1
01101111,111011,00
01001111,0110000,1
01001111,0001000,1
01101111,100111,00
01001111,0101000,1
01000011111,0111,1
01101111,010111,00
01001111,0011000,1
01001111,0000100,1
01101111,110111,00
01001111,0100100,1
00100011111,0111,1
11101111,010000,00
01001111,0010100,1
01100011111,0000,1
01001111,0111011,1
01001111,0110111,1
11101111,011111,00
01001111,0101111,1
10011111,010000,00
01001111,0111111,1
00101111,0000000,1
10011111,011011,00
00010011111,0111,1
00101111,0100000,1
00101111,0010000,1
10011111,010111,00
01010011111,0000,1
00101111,0110000,1
01011111,000000,11
00101111,0001000,1
01011111,100000,00
00101111,0101000,1
01011111,010000,00
00101111,0011000,1
00110011111,0000,1
00101111,0000100,1
01011111,010000,11
00101111,0100100,1
00101111,0010100,1
01011111,001000,11
01110011111,0000,1
00101111,0111011,1
01011111,011000,00
01110011111,0100,1
01011111,011000,11
00101111,0110111,1
01001011111,0000,1
00101111,0101111,1
01011111,000100,11
00101111,0111111,1
01011111,010100,11
00101011111,0000,1
01101111,0000000,1
01011111,101011,00
01101111,0100000,1
01011111,011011,00
01101111,0010000,1
01101011111,0000,1
01101111,0110000,1
01011111,111011,00
01101011111,0100,1
01101111,0001000,1
01011111,100111,00
01101111,0101000,1
01101011111,0111,1
01101111,0011000,1
01011111,110111,00
00011011111,0000,1
01101111,0000100,1
01011111,101111,00
01101111,0100100,1
00011011111,0111,1
11011111,010000,00
01101111,0010100,1
01011011111,0000,1
01101111,0111011,1
11011111,011111,00
01011011111,0100,1
01101111,0100111,1
01011011111,0111,1
01101111,0101111,1
00111111,000000,11
00111011111,0000,1
01101111,0011111,1
00111111,010000,11
00111011111,0111,1
00011111,0000000,1
00111111,001000,11
01111011111,0000,1
00011111,0100000,1
01111011111,0100,1
00011111,0010000,1
00111111,000100,11
01000111111,0000,1
00011111,0001000,1
10111111,010000,00
00100111111,0000,1
00011111,0000100,1
00011111,0111011,1
10111111,010111,00
01100111111,0000,1
10111111,011111,00
00011111,0110111,1
01100111111,0100,1
01111111,000000,11
00011111,0101111,1
01111111,100000,00
00011111,0011111,1
00010111111,0000,1
01111111,010000,00
00011111,0111111,1
01111111,010000,11
01010111111,0000,1
01011111,0000000,1
01111111,001000,11
01010111111,0100,1
01011111,0100000,1
01111111,011000,00
01011111,0010000,1
01111111,011000,11
00110111111,0000,1
01011111,0110000,1
01111111,000100,11
00110111111,0111,1
01011111,0001000,1
01111111,010100,11
01110111111,0000,1
01011111,0101000,1
01011111,0011000,1
01111111,101011,00
01110111111,0100,1
01011111,0000100,1
01111111,111011,00
01011111,0100100,1
01001111111,0000,1
01111111,110111,00
01011111,0010100,1
01111111,101111,00
00101111111,0000,1
11111111,010000,00
01011111,0100111,1
01101111111,0000,1
01011111,0011111,1
01101111111,0100,1
00111111,0000000,1
01101111111,0111,1
00111111,0100000,1
00011111111,0000,1
00111111,0010000,1
00111111,0110000,1
01011111111,0000,1
00111111,0001000,1
01011111111,0100,1
00111111,0101000,1
00111111,0011000,1
00111111111,0000,1
00111111,0000100,1
00111111,0100100,1
00111111,0010100,1
01111111111,0000,1
01111111111,0100,1
00111111,0111111,1
01111111,0000000,1
01111111,0100000,1
01111111,0010000,1
01111111,0110000,1
01111111,0001000,1
01111111,0101000,1
01111111,0011000,1
01111111,0000100,1
01111111,0100100,1
01111111,0010100,1
01111111,0100111,1
01111111,0011111,1
