10000,0100,1011
10000,0100,0111
10000,0100,1111
10000,1011,0100
10000,1011,0111
10000,0111,0100
10000,0111,1011
10000,1111,0100
11000,1000,1111
11000,1111,1000
11011,1000,0100
11011,0100,1000
10111,0000,0111
10111,1000,0100
10111,1000,0111
10111,0100,1000
10111,0100,0111
10111,0111,0000
10111,0111,1000
10111,0111,0100
11111,1000,0100
11111,0100,1000
10000,01000,111
10000,11000,111
10000,00100,111
11000,10000,111
11000,10100,111
11000,11011,100
11000,10111,100
11000,11111,100
10100,11000,111
11011,11000,100
11011,10111,000
11011,10111,100
11011,01111,000
10111,11000,100
10111,11011,000
10111,11011,100
10111,01111,000
11111,11000,100
100000,0100,111
100000,1011,000
100000,0111,000
100000,1111,000
110000,1000,111
110000,0100,111
110000,1111,100
101000,0100,111
101000,1011,100
101000,1111,100
101011,0111,000
100111,1000,111
100111,1011,000
110111,0000,111
110111,1000,111
110111,0100,111
101111,0000,111
101111,1000,111
101111,0100,111
101111,0111,000
100000,01000,11
100000,00100,11
100000,11011,00
100000,10111,00
100000,10111,11
100000,01111,00
100000,01111,11
100000,11111,00
101000,01000,11
101000,10111,11
101000,01111,11
100100,10111,11
100100,01111,11
101011,10000,00
101011,01000,00
101011,01111,00
111011,10000,00
111011,01000,00
100111,10000,00
100111,10000,11
100111,01000,00
100111,10111,00
100111,10111,11
110111,10000,00
110111,01000,00
110111,10111,00
110111,01111,00
101111,00000,11
101111,10000,00
101111,10000,11
101111,01000,00
101111,01000,11
101111,00100,11
101111,10100,11
101111,11011,00
101111,01111,00
101111,01111,11
111111,10000,00
111111,01000,00
100000,110000,0
100000,101011,0
100000,111011,0
100000,100111,0
100000,110111,0
100000,101111,0
100000,111111,0
110000,100000,0
110000,111011,0
110000,110111,0
110000,101111,0
110000,111111,0
101000,101011,0
101000,111011,0
101000,100111,0
101000,110111,0
101000,101111,0
101000,111111,0
100100,101011,0
100100,111011,0
100100,100111,0
100100,110111,0
100100,101111,0
100100,111111,0
101011,100000,0
101011,101000,0
101011,100100,0
111011,100000,0
111011,110000,0
111011,101000,0
111011,100100,0
111011,110111,0
111011,101111,0
100111,100000,0
100111,101000,0
100111,100100,0
100111,101111,0
110111,100000,0
110111,110000,0
110111,101000,0
110111,100100,0
110111,111011,0
110111,101111,0
101111,100000,0
101111,110000,0
101111,101000,0
101111,100100,0
101111,111011,0
101111,100111,0
101111,110111,0
111111,100000,0
111111,110000,0
111111,101000,0
111111,100100,0
1000000,000,111
1000000,111,000
1100000,100,111
1100000,111,100
1010000,100,111
1010000,111,100
1101000,100,111
1101000,111,100
1011000,100,111
1011000,111,100
1101111,000,111
1101111,100,111
1101111,111,000
1101111,111,100
1011111,000,111
1011111,100,111
1011111,111,000
1011111,111,100
1000000,0000,11
1000000,0100,11
1000000,1011,00
1000000,0111,00
1000000,1111,00
1100000,1111,00
1010000,1000,11
1010000,0100,11
1010000,1011,00
1010000,0111,00
1010000,1111,00
1001000,1000,11
1001000,0100,11
1001000,1011,00
1001000,0111,00
1001000,1111,00
1011000,1000,11
1011000,0111,00
1000100,0100,11
1000100,1011,00
1000100,0111,00
1000100,1111,00
1011011,0000,11
1011011,1000,11
1011011,0100,11
1011011,0111,00
1010111,0000,11
1010111,1000,11
1010111,0100,11
1010111,1011,00
1010111,0111,00
1110111,1111,00
1001111,0000,11
1001111,1000,11
1001111,0100,11
1001111,1011,00
1001111,0111,00
1101111,1111,00
1011111,0000,11
1011111,1000,11
1011111,0100,11
1011111,0111,00
1011111,1111,00
1000000,11011,0
1000000,10111,0
1000000,11111,0
1100000,11011,0
1100000,10111,0
1100000,11111,0
1010000,11011,0
1010000,10111,0
1010000,11111,0
1001000,11011,0
1001000,10111,0
1001000,11111,0
1011000,10000,0
1011000,10111,0
1000100,11011,0
1000100,10111,0
1000100,11111,0
1101011,10000,0
1101011,10111,0
1011011,10000,0
1111011,10000,0
1100111,10000,0
1100111,11011,0
1100111,10111,0
1010111,10000,0
1010111,11011,0
1110111,10000,0
1001111,10000,0
1101111,10000,0
1101111,10111,0
1011111,10000,0
1011111,11011,0
1111111,10000,0
10000000,000,11
10000000,111,00
11000000,111,00
10100000,000,11
10100000,100,11
10100000,111,00
10010000,000,11
10010000,111,00
10001000,000,11
10001000,111,00
10101000,100,11
10000100,000,11
10000100,111,00
10100100,100,11
11011011,111,00
10111011,000,11
10111011,100,11
10111011,111,00
11010111,111,00
10110111,000,11
10110111,100,11
10110111,111,00
11001111,111,00
10101111,000,11
10101111,100,11
10101111,111,00
10011111,000,11
10011111,111,00
11011111,111,00
10111111,000,11
10111111,100,11
10111111,111,00
10000000,1011,0
10000000,1111,0
11000000,1111,0
10100000,1011,0
10100000,1111,0
11100000,1111,0
10010000,1000,0
10010000,1011,0
10010000,1111,0
11010000,1111,0
10110000,1111,0
10001000,1011,0
10001000,1111,0
11001000,1111,0
10101000,1011,0
10101000,1111,0
10011000,1011,0
10011000,1111,0
11011000,1000,0
10000100,1011,0
10000100,1111,0
11000100,1000,0
11000100,1111,0
10100100,1011,0
10100100,1111,0
10010100,1011,0
10010100,1111,0
10101011,1000,0
11101011,1000,0
10011011,1000,0
11011011,1000,0
10111011,1000,0
11111011,1000,0
10100111,1000,0
11100111,1000,0
10010111,1000,0
11010111,1000,0
10110111,1000,0
11110111,1000,0
10001111,1111,0
11001111,1000,0
10101111,1000,0
10101111,1011,0
11101111,1000,0
11101111,1111,0
10011111,1000,0
11011111,1000,0
11011111,1111,0
10111111,1000,0
10111111,1111,0
11111111,1000,0
100000000,00,11
100000000,11,00
101000000,00,11
101000000,11,00
100100000,00,11
100100000,11,00
100010000,00,11
100010000,11,00
101010000,00,11
101010000,11,00
100110000,00,11
100110000,11,00
101110000,00,11
101110000,11,00
100001000,00,11
100001000,11,00
101001000,00,11
101001000,11,00
100101000,00,11
100101000,11,00
100011000,00,11
100011000,11,00
100000100,00,11
100000100,11,00
101000100,00,11
101000100,11,00
100100100,00,11
100100100,11,00
100010100,00,11
100010100,11,00
101101011,00,11
101101011,11,00
101011011,00,11
101011011,11,00
100111011,00,11
100111011,11,00
101111011,00,11
101111011,11,00
101100111,00,11
101100111,11,00
101010111,00,11
101010111,11,00
100110111,00,11
100110111,11,00
101110111,00,11
101110111,11,00
101001111,00,11
101001111,11,00
100101111,00,11
100101111,11,00
101101111,00,11
101101111,11,00
101011111,00,11
101011111,11,00
100111111,00,11
100111111,11,00
101111111,00,11
101111111,11,00
100000000,111,0
110000000,111,0
101000000,111,0
100100000,111,0
110100000,111,0
101100000,111,0
100010000,111,0
110010000,111,0
101010000,111,0
100110000,111,0
100001000,111,0
110001000,111,0
101001000,111,0
100101000,111,0
100011000,111,0
100000100,111,0
110000100,111,0
101000100,111,0
100100100,111,0
100010100,111,0
110111011,111,0
101111011,111,0
100100111,111,0
110110111,111,0
101110111,111,0
110101111,111,0
101101111,111,0
110011111,111,0
101011111,111,0
110111111,111,0
101111111,111,0
1000000000,11,0
1010000000,11,0
1001000000,11,0
1000100000,11,0
1010100000,11,0
1001100000,11,0
1000010000,11,0
1010010000,11,0
1001010000,11,0
1000110000,11,0
1000001000,11,0
1010001000,11,0
1001001000,11,0
1011001000,11,0
1000101000,11,0
1010101000,11,0
1001101000,11,0
1000011000,11,0
1010011000,11,0
1001011000,11,0
1011011000,11,0
1000000100,11,0
1010000100,11,0
1001000100,11,0
1000100100,11,0
1010100100,11,0
1001100100,11,0
1000010100,11,0
1010010100,11,0
1001010100,11,0
1011101011,11,0
1011011011,11,0
1010111011,11,0
1011111011,11,0
1000100111,11,0
1011100111,11,0
1011010111,11,0
1000110111,11,0
1010110111,11,0
1011110111,11,0
1011001111,11,0
1010101111,11,0
1001101111,11,0
1011101111,11,0
1011011111,11,0
1010111111,11,0
1011111111,11,0
