0111,1011,000
000000,0111,1
0100000,11,00
01000000,00,1
00100,01000,1
10000,0111,00
00111,011,000
0100000,000,1
01111,00000,1
010000,000,11
0110000,11,00
01111,01000,1
01000,1011,00
010000,0111,1
01111,00100,1
0010000,000,1
010000,011,00
01000,0111,00
001000,0111,1
01010000,00,1
0101000,11,00
01000,1111,00
0111011,000,1
010000,111,00
0100100,11,00
10111,0111,00
01001000,00,1
0110111,000,1
011000,0111,1
0111011,11,00
001000,000,11
01111,0000,11
000100,0111,1
0101111,000,1
010100,0111,1
01111,0100,11
0011111,000,1
0110111,11,00
010111,011,00
01111,1011,00
0101111,11,00
0111111,000,1
011111,000,11
011011,0000,1
01000100,00,1
0111111,11,00
011111,111,00
011011,0100,1
01101011,00,1
010111,0000,1
01011011,00,1
010111,0100,1
01111011,00,1
001111,0000,1
01100111,00,1
01010111,00,1
01110111,00,1
011111,0000,1
011111,0100,1
01101111,00,1
01011111,00,1
01111111,00,1
