000000,0111,1011
1000000,0111,000
000000,00111,011
01000,10000,0111
010000000,000,11
000000000,0111,1
001000,010000,11
0000000,01111,11
0100000,0000,011
100000,01111,000
0100000000,11,00
0000000,011011,1
010000000,011,00
010000,00100,011
010000000,0000,1
0100000,0000,111
00000000,01111,1
010000000,0111,1
100000,0111,0100
00100,10000,0111
0110000000,11,00
011000,010000,00
10000000,0111,00
1000000,01111,00
010000,0111,1000
0000000,010111,1
010000000,111,00
001000000,0000,1
0100000,1011,000
0101000000,11,00
01000000,00000,1
00100,01000,1011
011000,010000,11
001000000,000,11
01000000,0000,11
0100000,10000,00
001000000,0111,1
0000000,001111,1
010000,0111,1011
0100000,0111,000
011000000,000,11
00100,01000,0111
0100100000,11,00
01000000,00100,1
01000000,1011,00
001000,0111,1011
010000,00100,111
0100000,00100,11
0110100000,11,00
0000000,011111,1
011000000,111,00
0100000,1111,000
00100,01000,1111
01000000,01111,1
010000,01011,000
0101100000,11,00
0100000,001000,1
0100000,01011,00
010100000,000,11
101000,0111,0100
0010000,0000,011
010000,11011,000
00111,00000,0111
010100000,011,00
0100000,11011,00
00100000,00000,1
000100,010000,11
0100010000,11,00
01000000,0111,00
011000000,0111,1
011000,1011,0100
0100000,10111,00
0110010000,11,00
00111,01000,0111
010000,00111,000
0010000,0000,111
01000000,1111,00
00100000,01000,1
000100000,0000,1
011000,0111,0000
010100000,111,00
0010000,1011,000
0101010000,11,00
000100,001000,11
010000,00111,011
00100000,01111,1
000100000,0111,1
0010000,0111,000
00100000,0000,11
0100000,011000,1
011000,0111,0100
010000,10111,000
00111,00100,0111
001100000,000,11
010100000,0000,1
10100000,0111,00
0100000,01111,00
010000,01111,000
0010000,1111,000
0100110000,11,00
011000,0111,1011
010100,011000,11
00111,01011,0000
0100000,01111,11
010100000,0100,1
010000,11111,000
01100000,01111,1
10111,00000,0111
0110000,0100,111
0100000,11111,00
101011,010000,00
010100000,0111,1
00010000,00000,1
001000,01000,011
01100000,0100,11
0100001000,11,00
011000,1111,0100
00010000,01111,1
001000,01000,111
0110000,0111,000
001100000,0000,1
1100000,01111,00
000100,0111,1011
011100000,111,00
01010000,01000,1
011011,100000,00
0110001000,11,00
001000,01011,000
01010000,00100,1
0001000,0000,011
10111,01000,0111
0101001000,11,00
01100000,1011,00
01010000,01111,1
0001000,0000,111
00110000,01000,1
001100000,0111,1
01100000,0111,00
00110000,00100,1
001000,11011,000
0100101000,11,00
00110000,01111,1
01100000,1111,00
010100,0111,1000
0100000,000100,1
011011,010000,00
0101000,0100,011
010100,0111,1011
001000,00111,000
0010000,01000,11
010010000,000,11
0101000,0100,111
011011,011000,00
10111,00100,0111
0100011000,11,00
001000,00111,011
010010000,011,00
011011,101011,00
1011000,0111,000
101011,0111,0000
01111,00000,1011
01110000,00000,1
010010000,111,00
101011,0111,0100
1011011,0111,000
111011,010000,00
01110000,01000,1
011011,0100,1000
001010000,000,11
01110000,00100,1
010111,0100,1000
01111,10000,0100
01110000,01111,1
011100000,0000,1
001000,10111,000
00001000,00000,1
0111011,1011,000
01111,01000,1000
0010000,01111,11
001000,01111,000
011010000,111,00
000010000,0111,1
0100111,0000,011
01111,01000,1011
010010000,0000,1
001000,11111,000
010010000,0111,1
0100111,0111,000
001010000,0000,1
01111,00100,1011
010110000,111,00
1010000,01111,00
0111011000,11,00
010111,1011,0000
100111,010000,00
00001000,01111,1
0100000,011011,1
001010000,0111,1
010001000,000,11
01111,11011,0000
010111,1011,0100
0010111,0000,011
011000,01000,111
01001000,01000,1
0100000100,11,00
010001000,011,00
01111,11011,0100
100111,011011,00
0010111,0111,000
001111,1011,0000
01001000,00100,1
0110000,01000,11
010001000,111,00
0110000100,11,00
010111,100000,00
1010111,0111,000
01111,00111,0000
01001000,01111,1
011010000,0111,1
0110000,00100,11
010111,010000,00
00101000,01000,1
001111,0111,0000
001001000,000,11
0110111,1011,000
010111,011000,00
0110000,11011,00
000110000,0000,1
01111,10111,0000
00101000,00100,1
011000,00111,000
011001000,111,00
010111,101011,00
101111,0111,0000
0110000,10111,00
0110111,0111,000
00101000,01111,1
000110000,0111,1
010101000,011,00
101111,0111,0100
0101000100,11,00
010111,011011,00
01111,10111,0100
011111,0100,1000
01101000,01000,1
010101000,111,00
0100000,010111,1
010111,100111,00
0100100100,11,00
011111,1011,0000
011000,01111,000
0110000,01111,00
0100000,001111,1
010011000,011,00
110111,010000,00
01101000,01111,1
011111,1011,0100
0110000,01111,11
0100000,011111,1
010011000,111,00
00011000,01111,1
0110000,11111,00
0100010100,11,00
010000100,000,11
0001000,01111,11
0001111,0000,011
01011000,01000,1
010000100,011,00
000100,00111,011
101111,010000,00
0111101011,11,00
01000000,011,000
1001111,0111,000
01011000,01111,1
00010000,0000,11
101111,010111,00
01000000,111,000
010110000,0111,1
010000100,111,00
1001000,01111,00
011111,000000,11
01000000000,00,1
0111011011,11,00
001000100,000,11
011111,100000,00
0101000,00100,11
011111,010000,00
0101000,01011,00
0010000,010000,1
00000100,01111,1
10010000,0111,00
101011,01111,000
00100000,011,000
011000100,111,00
0101111,0000,011
01010000000,00,1
01010000,0100,11
011111,010000,11
01000100,00100,1
0010000,000100,1
00100000,111,000
01000100,01111,1
0101000,11011,00
001110000,0111,1
0010000,011011,1
0101000,10111,00
01100000,111,000
000001000,0111,1
010100100,011,00
01010000,011,000
011011,00111,000
01010000,1011,00
00100100,01000,1
0010000,010111,1
01010000,111,000
0101000,01111,00
010111,00000,011
00100100,01111,1
01010000,0111,00
010100100,111,00
01001000000,00,1
00110000,011,000
0101000,01111,11
011111,001000,11
0110111011,11,00
01100100,01111,1
010010100,011,00
010111,01000,011
01010000,1111,00
011111,011000,00
010001000,0000,1
0101000,11111,00
010010100,111,00
0101111011,11,00
011111,011000,11
0010000,001111,1
00010100,01111,1
010111,00100,011
0101111,0100,011
011111,000100,11
01010100,01111,1
010111,00111,000
011101011,000,11
0111111011,11,00
0101111,1011,000
011111,010100,11
0010000,011111,1
01101011,00000,1
01000100000,00,1
010111,00111,011
011111,101011,00
0100100111,11,00
01101011,01000,1
0101111,0111,000
0011000,01000,11
01100100000,00,1
010111,10111,000
011111,111011,00
01101011,00100,1
011011011,000,11
01010100000,00,1
0111100111,11,00
0011000,00100,11
0110000,010000,1
110111,01111,000
010111011,000,11
011111,110111,00
10001000,0111,00
01011011,00000,1
00110000,111,000
0011111,0000,011
01001100000,00,1
0110000,001000,1
010111011,011,00
01001000,1011,00
010001000,0111,1
01011011,01000,1
0011111,1011,000
01001000,0111,00
001111,00000,011
001001000,0000,1
001111011,000,11
01001000,011,000
01011011,00100,1
01001000,1111,00
001111,01000,011
0011000,01111,11
001001000,0111,1
01001000,111,000
011111,101111,00
011111011,000,11
01000010000,00,1
1011000,01000,00
001111,00100,011
0110000,011011,1
01101000,0100,11
00111011,00000,1
00101000,011,000
0111010111,11,00
011111011,111,00
111111,010000,00
1011000,01111,00
001111,01011,000
01010010000,00,1
011001000,0111,1
0110000,010111,1
00111011,01000,1
00101000,111,000
01101000,0111,00
0110110111,11,00
0000100,01111,11
01110010000,00,1
000101000,0000,1
001111,10111,000
00111011,00100,1
0110000,001111,1
01001010000,00,1
000101000,0111,1
1000100,01000,00
0101110111,11,00
01011000,011,000
00111011,01111,1
001111,01111,000
010101000,0100,1
0110000,011111,1
1000100,01111,00
011100111,000,11
01011000,0100,11
0100000000,000,1
01111011,00000,1
0111110111,11,00
010101000,0111,1
01000100,011,000
101111,01111,000
0001000,010000,1
01000110000,00,1
0100100,01011,00
001101000,0111,1
01111011,01000,1
01011000,0111,00
0010000000,000,1
01000100,111,000
0100100,11011,00
000011000,0111,1
01111011,00100,1
011111,00000,111
0001000,001000,1
00100100,011,000
011010111,000,11
0100100,10111,00
00100111,01000,1
010011000,0111,1
00100100,111,000
010110111,000,11
01110110000,00,1
00100111,01111,1
0100100,01111,00
10000100,0111,00
011111,01000,111
001011000,0111,1
01011011,011,000
010110111,011,00
0101000000,000,1
0001000,011011,1
01100111,00000,1
01000100,1011,00
011011000,0000,1
00111011,011,000
001110111,000,11
0111001111,11,00
01100111,01000,1
011111,00100,111
01000100,0111,00
0001000,010111,1
0011111,0111,000
01111011,111,000
011110111,000,11
0011000000,000,1
01101110000,00,1
01100111,00100,1
01000100,1111,00
1011111,0111,000
0100100,01111,11
01010111,011,000
011110111,111,00
011111,11011,000
01010111,00000,1
0110101111,11,00
0100100,11111,00
0111111,0000,111
00110111,011,000
10101011,0111,00
0001000,001111,1
01000001000,00,1
01010111,01000,1
0101101111,11,00
011111,00111,000
010001111,111,00
0111111,0100,111
011011000,0100,1
0100100000,000,1
0010100,01000,11
10111011,0111,00
01010111,00100,1
0001000,011111,1
01010001000,00,1
011111,10111,000
0111101111,11,00
01110111,111,000
0101000,001000,1
01110001000,00,1
0010100000,000,1
011001111,000,11
0010100,01111,11
0101000,011000,1
01001001000,00,1
00110111,00000,1
01111011,0000,11
0111111,1011,000
000000100,0111,1
0101011,01000,00
0101000,011011,1
01101001000,00,1
00110111,01000,1
01001111,011,000
010101111,000,11
1101011,01000,00
0111111,1111,000
01011001000,00,1
0110011111,11,00
0101000,010111,1
01111011,0100,11
010000100,0000,1
0111100000,000,1
00101111,011,000
00110111,00100,1
010101111,011,00
01000101000,00,1
1101011,01111,00
0101011111,11,00
010000100,0111,1
0101000,001111,1
01111011,1011,00
01101111,111,000
0100010000,000,1
01100101000,00,1
01110111,00000,1
001101111,000,11
1011011,01000,00
01011111,011,000
0111011111,11,00
0101000,011111,1
001000100,0000,1
01010101000,00,1
01100111,1011,00
01011111,111,000
0010010000,000,1
01110111,01000,1
011101111,000,11
01001101000,00,1
1011011,01111,00
0011000,010000,1
001000100,0111,1
00111111,011,000
01010111,1011,00
01101101000,00,1
01110111,00100,1
0110010000,000,1
0111011,00000,11
0011000,001000,1
0110111111,11,00
011101111,111,00
00111111,111,000
01000011000,00,1
10110111,0111,00
01110111,01111,1
0101010000,000,1
0111011,10000,00
01111111,111,000
0101111111,11,00
010011111,000,11
01110111,0000,11
011000100,0111,1
01001111,00000,1
01010011000,00,1
0011000,011011,1
0011010000,000,1
0111011,01000,00
0111111111,11,00
000100100,0000,1
01001011000,00,1
01001111,01000,1
01110111,0100,11
0011000,010111,1
0111010000,000,1
0111011,01000,11
01101011000,00,1
000100100,0111,1
0011000,001111,1
01001111,00100,1
01110111,1011,00
01011011000,00,1
0100110000,000,1
0111011,00100,11
010100100,0100,1
001011111,000,11
0011000,011111,1
01111011000,00,1
01001111,01111,1
0010110000,000,1
010100100,0111,1
0111011,10111,00
01000000100,00,1
011011111,000,11
00101111,00000,1
0110110000,000,1
0000100,011011,1
001100100,0111,1
1111011,01000,00
011011111,111,00
00101111,01000,1
01010000100,00,1
0000100,010111,1
0101110000,000,1
000010100,0111,1
010111111,000,11
00101111,00100,1
0100001000,000,1
0000100,001111,1
01001000100,00,1
010010100,0111,1
010111111,011,00
00101111,01111,1
10101111,0111,00
0010001000,000,1
0000100,011111,1
001010100,0111,1
0100111,01000,00
010111111,111,00
01101111,00000,1
0110001000,000,1
01101111,0000,11
01000100100,00,1
0100100,011000,1
0100111,01000,11
01101111,01000,1
001111111,000,11
01101111,0100,11
0101001000,000,1
0100100,011011,1
01100100100,00,1
01101111,00100,1
01101111,1011,00
01010100100,00,1
011101011,0000,1
0011001000,000,1
011111111,000,11
0100100,010111,1
01001100100,00,1
01101111,01111,1
01101111,0111,00
0111001000,000,1
011101011,0100,1
011111111,111,00
01000010100,00,1
0100100,001111,1
0100101000,000,1
00011111,00000,1
10011111,0111,00
011011011,0000,1
01010010100,00,1
0100100,011111,1
0100111,01111,00
0010101000,000,1
00011111,01111,1
01011111,0000,11
011011011,0100,1
0010100,010000,1
01001010100,00,1
0100111,01111,11
01011111,0100,11
01011111,00000,1
011011011,0111,1
01110101011,00,1
0010100,011011,1
010111011,0000,1
0100011000,000,1
01011111,1011,00
01011111,01000,1
0010100,010111,1
010111011,0100,1
01101101011,00,1
0010011000,000,1
0010100,001111,1
1100111,01000,00
01011111,0111,00
01011111,00100,1
001111011,0000,1
01011101011,00,1
0010100,011111,1
1100111,01111,00
011111011,0000,1
00111111,0000,11
1010111,01000,00
01111101011,00,1
011111011,0100,1
0111011,000000,1
000100111,0111,1
1010111,01111,00
0111011000,000,1
10111111,0111,00
00111111,00000,1
0111011,010000,1
0110111,00000,11
01110011011,00,1
0100000100,000,1
010100111,0111,1
01111111,0000,11
00111111,01000,1
0111011,001000,1
0110111,10000,00
011100111,0000,1
01101011011,00,1
0010000100,000,1
011100111,0100,1
01111111,0100,11
00111111,00100,1
0111011,011000,1
0110111,01000,00
01011011011,00,1
010010111,0111,1
01111111,1011,00
0101000100,000,1
011010111,0000,1
0111011,000100,1
01111011011,00,1
0110111,01000,11
011010111,0100,1
0011000100,000,1
011010111,0111,1
01111111,00000,1
01111111,1111,00
01100111011,00,1
0110111,00100,11
0111011,010100,1
01111111,01000,1
010110111,0000,1
0100100100,000,1
0110111,11011,00
01010111011,00,1
010110111,0100,1
01111111,00100,1
0111011,001111,1
010110111,0111,1
1110111,01000,00
0010100100,000,1
001110111,0000,1
01110111011,00,1
0100111,010000,1
001110111,0111,1
1001111,01000,00
011110111,0000,1
0101111,00000,11
011110111,0100,1
0100010100,000,1
01101111011,00,1
0100111,011011,1
0101111,10000,00
010001111,0111,1
0010010100,000,1
01011111011,00,1
0100111,010111,1
0101111,01000,00
001001111,0111,1
0110101011,000,1
0100111,011111,1
0101111,01000,11
01111111011,00,1
011001111,0000,1
0101111,00100,11
0101101011,000,1
0110111,000000,1
011001111,0100,1
01000100111,00,1
0101111,11011,00
0110111,010000,1
0011101011,000,1
0101111,10111,00
0110111,001000,1
010101111,0000,1
0111101011,000,1
1101111,01000,00
010101111,0100,1
0110111,011000,1
0110011011,000,1
1101111,01111,00
01110100111,00,1
0110111,000100,1
001101111,0000,1
0101011011,000,1
0011111,00000,11
0110111,010100,1
001101111,0111,1
0011011011,000,1
01101100111,00,1
0110111,010111,1
011101111,0000,1
0011111,01000,11
0111011011,000,1
01011100111,00,1
0110111,001111,1
011101111,0100,1
0011111,00100,11
0100111011,000,1
01111100111,00,1
010011111,0000,1
0101111,000000,1
1011111,01000,00
0010111011,000,1
0101111,010000,1
001011111,0000,1
01110010111,00,1
1011111,01111,00
0110111011,000,1
0101111,001000,1
0101111011,000,1
01101010111,00,1
011011111,0000,1
0111111,00000,11
0101111,011000,1
0011111011,000,1
01011010111,00,1
011011111,0100,1
01111010111,00,1
0111111,10000,00
0111111011,000,1
0101111,000100,1
01000110111,00,1
011011111,0111,1
0110100111,000,1
0111111,01000,00
01100110111,00,1
0101111,010100,1
0101100111,000,1
01010110111,00,1
0111111,01000,11
000111111,0000,1
01110110111,00,1
0011100111,000,1
0111111,00100,11
0111100111,000,1
0101111,001111,1
010111111,0000,1
01101110111,00,1
0110010111,000,1
0111111,11011,00
010111111,0100,1
01011110111,00,1
0101010111,000,1
0111111,10111,00
01111110111,00,1
0011010111,000,1
001111111,0000,1
0111010111,000,1
0011111,000000,1
0100110111,000,1
011111111,0000,1
01110001111,00,1
1111111,01000,00
0010110111,000,1
011111111,0100,1
0110110111,000,1
0011111,010000,1
01101001111,00,1
0101110111,000,1
01011001111,00,1
0011111,001000,1
0011110111,000,1
01111001111,00,1
0111110111,000,1
0010001111,000,1
0011111,000100,1
01100101111,00,1
0110001111,000,1
01010101111,00,1
0101001111,000,1
01110101111,00,1
0011001111,000,1
01001101111,00,1
0111001111,000,1
0011111,011111,1
01101101111,00,1
0100101111,000,1
01011101111,00,1
0111111,000000,1
0010101111,000,1
01111101111,00,1
0110101111,000,1
0111111,010000,1
0101101111,000,1
0111111,001000,1
0011101111,000,1
0111111,011000,1
0111101111,000,1
01110011111,00,1
0111111,000100,1
01101011111,00,1
0111111,010100,1
01011011111,00,1
0110011111,000,1
0111111,001111,1
01111011111,00,1
0101011111,000,1
0011011111,000,1
01100111111,00,1
0111011111,000,1
01010111111,00,1
0100111111,000,1
01110111111,00,1
0010111111,000,1
0110111111,000,1
01101111111,00,1
0101111111,000,1
01011111111,00,1
0011111111,000,1
01111111111,00,1
0111111111,000,1
