010000000,11,00
00000,0111,1011
010000000,000,1
00000000,0111,1
0000000,01111,1
10000,0111,0100
000000,01111,11
0100000000,00,1
001000000,000,1
00100,01000,011
01000,0111,1000
0100000,011,000
100000,0111,000
1000000,0111,00
100000,01111,00
0100000,00100,1
01000,0111,1011
0101000000,00,1
011000000,11,00
010100000,000,1
0100000,111,000
01000000,000,11
00100,01000,111
010000,1011,000
00100,0111,1011
010000,10000,00
0100000,01111,1
01000000,0000,1
0010000,011,000
0100000,0000,11
001100000,000,1
0010000,01000,1
0100100000,00,1
010000,00100,11
010100000,11,00
01000000,0111,1
0010000,111,000
00111,00000,011
010000,0111,000
0010000,01111,1
0100000,1011,00
00111,01000,011
00111,0111,0000
010000,1111,000
00100000,0000,1
00111,00100,011
01000000,011,00
001000,1011,000
010010000,000,1
0100000,0111,00
010010000,11,00
10111,0111,0000
001000,0111,000
00100000,0111,1
0100111,011,000
0100010000,00,1
001000,1111,000
010000,01011,00
001010000,000,1
0100000,1111,00
01000000,111,00
011010000,11,00
00111,01011,000
0110010000,00,1
10111,0111,0100
0110000,01111,1
011000,0100,111
0010000,0000,11
00100000,000,11
0101010000,00,1
0010111,011,000
01111,0100,1000
010110000,11,00
01111,11011,000
1010000,0111,00
0001000,01111,1
010001000,11,00
01100000,000,11
0101111,011,000
01100000,0111,1
01111,00111,000
010001000,000,1
011001000,11,00
011000,0111,000
01111,1011,0000
0100110000,00,1
010000,11011,00
01100000,111,00
01111,10111,000
0011111,011,000
010101000,11,00
00010000,0000,1
001001000,000,1
101011,0111,000
0110000,0100,11
0101000,00100,1
01111,1011,0100
001000,010000,1
010011000,11,00
011011000,000,1
01010000,000,11
0111111,111,000
010111,0000,011
00010000,0111,1
010000100,11,00
010000100,000,1
010000,10111,00
0101000,01111,1
0110000,1011,00
0100001000,00,1
011000100,11,00
01010000,0100,1
010111,0100,011
001000100,000,1
01010000,011,00
011000,010000,1
0011000,01000,1
010000,01111,00
0110000,0111,00
010111,1011,000
010100100,11,00
01010000,0111,1
01010000,111,00
011101011,000,1
000100,010000,1
001111,0000,011
010010100,11,00
010000,01111,11
0011000,00100,1
011011011,000,1
00110000,000,11
00110000,0111,1
011101011,11,00
001111,1011,000
000100,001000,1
0101001000,00,1
011011011,11,00
0011000,01111,1
010111011,000,1
001111,0111,000
010000,11111,00
01110000,0000,1
010111011,11,00
0111001000,00,1
001111011,000,1
101111,0111,000
0000100,01111,1
011011,000000,1
011111011,11,00
011111011,000,1
001000,01000,11
0100101000,00,1
011111,0000,111
011011,010000,1
0100100,01111,1
01001000,000,11
011111,0100,111
011011,001000,1
011100111,11,00
001000,01111,11
011100111,000,1
0010100,01000,1
011011,011000,1
011111,1011,000
00001000,0111,1
01001000,011,00
011011,000100,1
011010111,11,00
011010111,000,1
0010100,01111,1
0110000,1111,00
01001000,0111,1
011011,010100,1
010110111,11,00
010110111,000,1
01001000,111,00
011000,01000,00
010111,000000,1
011110111,11,00
0111011,00000,1
00101000,0111,1
0001000,0000,11
011000,01000,11
001110111,000,1
010111,010000,1
00101000,000,11
010001111,11,00
0111011,01000,1
010111,001000,1
011110111,000,1
1001000,0111,00
011001111,11,00
010111,011000,1
010101111,11,00
010111,000100,1
0101000,0100,11
0111011,00100,1
0100011000,00,1
010111,010100,1
011101111,11,00
0101000,1011,00
011001111,000,1
01101000,0111,1
0101000,0111,00
010101111,000,1
001111,000000,1
0101000,1111,00
0100111,01000,1
011011111,11,00
001101111,000,1
001111,010000,1
00011000,0111,1
011000,01111,00
1011000,0111,00
001111,001000,1
010111111,11,00
011101111,000,1
1000100,0111,00
0111011000,00,1
011000,01111,11
0100111,01111,1
010011111,000,1
0100100,1011,00
011111111,11,00
001111,000100,1
0100000100,00,1
001011111,000,1
0100100,0111,00
0110111,00000,1
011011111,000,1
01000100,000,11
0100100,1111,00
000100,01111,11
011111,000000,1
010111111,000,1
0110111,01000,1
01011000,0111,1
1011011,0111,00
001111111,000,1
01000100,011,00
011111,010000,1
0101000100,00,1
010100,01111,11
0110111,00100,1
0111011,0000,11
011111111,000,1
011111,001000,1
00000100,0111,1
101011,01000,00
011111,011000,1
01000100,111,00
0100100100,00,1
0111011,0100,11
0101111,00000,1
01000100,0111,1
011111,000100,1
00100100,000,11
0111011,1011,00
101011,01111,00
011111,010100,1
0101111,01000,1
00100100,0111,1
011111,001111,1
0100010100,00,1
011011,10000,00
01011011,011,00
0101111,00100,1
0100111,0111,00
0110101011,00,1
011011,01000,00
01111011,000,11
0011111,00000,1
01100100,0111,1
1010111,0111,00
0101101011,00,1
111011,01000,00
01111011,111,00
0011111,01000,1
0110111,0000,11
00010100,0111,1
0110111,0100,11
0111101011,00,1
0011111,00100,1
100111,01000,00
01010111,011,00
01010100,0111,1
0110111,1011,00
0110011011,00,1
0110111,0111,00
010111,10000,00
01110111,000,11
01101011,0000,1
1001111,0111,00
0101011011,00,1
0111111,00000,1
0101111,0000,11
010111,01000,00
01110111,111,00
01101011,0100,1
0111011011,00,1
0101111,0100,11
0111111,01000,1
010111,10111,00
0101111,1011,00
01011011,0000,1
0111111,00100,1
0101111,0111,00
110111,01000,00
0011111,0000,11
01011011,0100,1
0110111011,00,1
1011111,0111,00
110111,01111,00
00111011,0000,1
0111111,0000,11
0101111011,00,1
0111111,0100,11
01101111,000,11
00111011,0111,1
101111,01000,00
0111111011,00,1
0111111,1011,00
01101111,111,00
0111111,1111,00
01111011,0000,1
0100100111,00,1
101111,01111,00
01011111,000,11
01111011,0100,1
0110100111,00,1
011111,00000,11
00100111,0111,1
01011111,011,00
0101100111,00,1
011111,10000,00
01100111,0000,1
01011111,111,00
0111100111,00,1
011111,01000,00
01100111,0100,1
0110010111,00,1
00111111,000,11
011111,01000,11
01010111,0000,1
0101010111,00,1
01111111,000,11
011111,00100,11
01010111,0100,1
0111010111,00,1
01111111,111,00
00110111,0000,1
011111,11011,00
0100110111,00,1
01110111,0000,1
0110110111,00,1
011111,10111,00
01110111,0100,1
0101110111,00,1
01001111,0000,1
111111,01000,00
0111110111,00,1
00101111,0000,1
01101111,0000,1
0111001111,00,1
01101111,0100,1
01101111,0111,1
0110101111,00,1
0101101111,00,1
00011111,0000,1
0111101111,00,1
01011111,0000,1
0110011111,00,1
01011111,0100,1
0101011111,00,1
0111011111,00,1
00111111,0000,1
0110111111,00,1
0101111111,00,1
01111111,0000,1
0111111111,00,1
01111111,0100,1
