1000,0100,111
1011,0111,000
11000,100,111
11000,111,100
10000,0100,11
10000,1011,00
10000,0111,00
10000,1111,00
10111,0000,11
10111,1000,11
10111,0100,11
10111,0111,00
10000,11011,0
10000,10111,0
10000,11111,0
11011,10000,0
11011,10111,0
10111,10000,0
10111,11011,0
11111,10000,0
100000,000,11
100000,111,00
101000,100,11
110111,111,00
101111,000,11
101111,100,11
101111,111,00
100000,1011,0
100000,1111,0
110000,1111,0
101000,1011,0
101000,1111,0
100100,1011,0
100100,1111,0
101011,1000,0
111011,1000,0
100111,1000,0
110111,1000,0
101111,1000,0
111111,1000,0
1000000,00,11
1000000,11,00
1010000,00,11
1010000,11,00
1001000,00,11
1001000,11,00
1000100,00,11
1000100,11,00
1011011,00,11
1011011,11,00
1010111,00,11
1010111,11,00
1001111,00,11
1001111,11,00
1011111,00,11
1011111,11,00
1000000,111,0
1100000,111,0
1010000,111,0
1001000,111,0
1000100,111,0
1101111,111,0
1011111,111,0
10000000,11,0
10100000,11,0
10010000,11,0
10001000,11,0
10101000,11,0
10011000,11,0
10000100,11,0
10100100,11,0
10010100,11,0
10111011,11,0
10110111,11,0
10101111,11,0
10111111,11,0
