6,0,4,0
6,0,4,1
6,0,4,2
6,1,4,0
6,1,4,1
6,2,4,0
6,2,4,2
6,3,4,0
6,3,4,3
6,3,4,4
6,4,4,0
6,4,4,1
6,4,4,2
6,5,4,0
6,5,4,1
6,6,4,1
6,7,4,0
6,7,4,1
6,7,4,2
6,8,4,0
6,8,4,1
6,8,4,2
6,9,4,0
6,9,4,2
6,10,4,3
6,10,4,5
6,11,4,3
6,11,4,4
6,11,4,5
6,12,4,3
6,12,4,4
6,12,4,5
6,13,4,4
6,14,4,4
6,14,4,5
6,15,4,3
6,15,4,4
6,15,4,5
6,16,4,1
6,16,4,2
6,16,4,5
6,17,4,3
6,17,4,5
6,18,4,4
6,18,4,5
6,19,4,3
6,19,4,4
6,19,4,5
7,0,3,0
7,0,3,1
7,1,3,1
7,1,3,2
7,2,3,1
7,3,3,0
7,3,3,2
7,4,3,1
7,5,3,0
7,5,3,2
7,6,3,1
7,6,3,2
7,7,3,0
7,7,3,2
7,7,3,3
7,8,3,0
7,8,3,1
7,9,3,0
7,9,3,1
7,9,3,2
7,10,3,0
7,10,3,1
7,11,3,0
7,11,3,2
7,12,3,0
7,12,3,1
7,13,3,2
7,14,3,0
7,14,3,1
7,15,3,0
7,15,3,1
7,15,3,2
7,16,3,0
7,16,3,1
7,17,3,0
7,17,3,1
7,17,3,2
7,18,3,0
7,18,3,1
7,19,3,0
7,19,3,1
7,19,3,2
7,20,3,1
7,20,3,2
7,20,3,3
7,21,3,2
7,21,3,3
7,22,3,1
7,22,3,2
7,22,3,3
7,23,3,2
7,23,3,3
7,24,3,1
7,24,3,2
7,24,3,3
7,25,3,2
7,25,3,3
7,26,3,1
7,27,3,2
7,27,3,3
7,28,3,1
7,28,3,3
7,29,3,2
7,29,3,3
7,30,3,1
7,30,3,2
7,30,3,3
7,31,3,2
7,31,3,3
7,32,3,0
7,32,3,1
7,32,3,3
7,33,3,1
7,33,3,2
7,34,3,1
7,34,3,3
7,35,3,2
7,36,3,1
7,36,3,3
7,37,3,2
7,38,3,1
7,38,3,2
7,39,3,2
7,39,3,3
8,0,2,0
8,3,2,1
8,4,2,0
8,7,2,0
8,7,2,1
8,8,2,0
8,11,2,0
8,11,2,1
8,12,2,0
8,15,2,0
8,18,2,0
8,18,2,1
8,19,2,0
8,20,2,0
8,22,2,0
8,23,2,0
8,25,2,1
8,26,2,0
8,29,2,0
8,29,2,1
8,30,2,0
8,31,2,0
8,32,2,0
8,33,2,0
8,34,2,0
8,35,2,0
8,36,2,1
8,37,2,1
8,38,2,1
8,39,2,1
8,40,2,1
8,41,2,1
8,42,2,0
8,42,2,1
8,45,2,1
8,46,2,0
8,48,2,1
8,49,2,1
8,51,2,1
8,52,2,1
8,53,2,0
8,53,2,1
8,56,2,1
8,59,2,1
8,60,2,0
8,60,2,1
8,63,2,1
8,64,2,0
8,64,2,1
8,67,2,1
8,68,2,0
8,71,2,1
