8,0,4,0
11,0,1,0
7,0,5,0
10,0,2,0
9,0,3,0
6,0,6,0
9,0,3,1
7,0,5,1
6,0,6,1
6,0,6,2
6,0,6,3
6,0,6,4
6,0,6,5
6,0,6,6
6,0,6,7
6,0,6,8
6,0,6,9
6,0,6,10
6,0,6,11
6,0,6,12
6,0,6,13
6,0,6,14
6,0,6,15
7,0,5,2
8,0,4,1
6,0,6,16
6,0,6,17
6,0,6,18
6,0,6,19
7,0,5,3
8,0,4,2
9,1,3,1
7,0,5,4
6,1,6,0
11,1,1,1
7,0,5,5
9,1,3,2
6,1,6,1
6,1,6,2
6,1,6,3
6,1,6,4
6,1,6,5
6,1,6,6
6,1,6,7
6,1,6,8
6,1,6,9
6,1,6,10
6,1,6,11
6,1,6,12
6,1,6,13
6,1,6,14
6,1,6,15
6,1,6,16
6,1,6,17
6,1,6,18
6,1,6,19
11,2,1,0
9,2,3,1
6,2,6,0
8,1,4,1
10,3,2,1
7,1,5,0
10,4,2,0
11,3,1,1
9,3,3,2
7,1,5,1
6,2,6,2
6,2,6,3
6,2,6,4
6,2,6,5
6,2,6,6
6,2,6,7
6,2,6,8
6,2,6,9
6,2,6,10
6,2,6,11
6,2,6,12
6,2,6,13
6,2,6,14
6,2,6,15
6,2,6,16
6,2,6,17
6,2,6,18
6,2,6,19
8,2,4,2
7,1,5,5
11,4,1,0
9,4,3,1
7,1,5,6
6,3,6,0
8,3,4,0
11,5,1,1
7,1,5,8
10,7,2,1
11,6,1,0
9,5,3,2
10,8,2,0
9,6,3,1
7,2,5,0
6,3,6,3
6,3,6,4
6,3,6,5
6,3,6,6
6,3,6,7
6,3,6,8
6,3,6,9
6,3,6,10
6,3,6,11
6,3,6,12
6,3,6,13
6,3,6,14
6,3,6,15
6,3,6,16
6,3,6,17
6,3,6,18
6,3,6,19
7,2,5,2
9,6,3,2
11,7,1,1
7,2,5,3
6,4,6,0
11,8,1,0
9,7,3,0
7,2,5,5
8,3,4,3
9,7,3,2
8,3,4,4
9,7,3,3
11,9,1,1
9,8,3,0
10,11,2,1
11,10,1,0
8,4,4,1
9,8,3,1
8,4,4,2
6,4,6,3
10,12,2,0
11,11,1,1
7,3,5,0
6,4,6,4
6,4,6,5
6,4,6,6
9,9,3,1
6,4,6,7
6,4,6,8
6,4,6,9
6,4,6,10
6,4,6,11
6,4,6,12
7,3,5,3
9,9,3,2
11,12,1,0
6,4,6,13
6,4,6,14
6,4,6,15
6,4,6,16
6,4,6,17
6,4,6,18
6,4,6,19
8,5,4,0
7,3,5,6
9,10,3,1
11,13,1,1
6,5,6,0
11,14,1,0
7,3,5,8
9,11,3,0
10,15,2,0
6,5,6,1
9,11,3,2
11,15,1,1
10,15,2,1
7,4,5,0
11,16,1,0
9,12,3,1
10,16,2,0
7,4,5,3
6,5,6,4
11,17,1,1
7,4,5,4
11,18,1,0
9,13,3,2
6,5,6,5
6,5,6,6
6,5,6,7
6,5,6,8
6,5,6,9
6,5,6,10
6,5,6,11
6,5,6,12
6,5,6,13
6,5,6,14
6,5,6,15
6,5,6,16
6,5,6,17
6,5,6,18
6,5,6,19
9,14,3,1
8,7,4,0
11,19,1,1
10,19,2,1
9,14,3,2
7,4,5,5
11,20,1,0
10,20,2,0
6,6,6,1
9,15,3,0
8,7,4,3
8,7,4,4
9,15,3,2
11,21,1,1
9,15,3,3
11,22,1,0
10,23,2,0
9,16,3,0
10,23,2,1
8,8,4,1
9,16,3,1
7,5,5,0
10,24,2,0
8,8,4,2
7,5,5,1
11,23,1,1
6,6,6,6
6,6,6,7
6,6,6,8
6,6,6,9
6,6,6,10
6,6,6,11
6,6,6,12
7,5,5,5
8,9,4,0
9,17,3,1
6,6,6,13
7,5,5,6
6,6,6,14
6,6,6,15
6,6,6,16
6,6,6,17
6,6,6,18
6,6,6,19
9,17,3,2
11,24,1,0
10,27,2,1
7,5,5,8
6,7,6,0
10,28,2,0
8,10,4,0
9,18,3,1
11,25,1,1
11,26,1,0
9,19,3,0
9,19,3,2
7,6,5,1
10,31,2,0
11,27,1,1
8,11,4,0
6,7,6,3
11,28,1,0
9,20,3,1
7,6,5,3
8,11,4,3
7,6,5,5
9,21,3,0
8,11,4,4
7,6,5,6
10,34,2,1
11,29,1,1
9,21,3,2
8,12,4,0
10,35,2,0
11,30,1,0
8,12,4,1
8,12,4,2
9,22,3,1
11,31,1,0
6,7,6,5
9,22,3,2
11,31,1,1
7,7,5,0
10,38,2,0
9,23,3,0
11,32,1,0
10,38,2,1
7,7,5,2
10,39,2,0
9,23,3,2
6,7,6,7
6,7,6,8
9,23,3,3
11,33,1,1
7,7,5,4
6,7,6,9
6,7,6,10
6,7,6,11
6,7,6,12
6,7,6,13
6,7,6,14
6,7,6,15
6,7,6,16
6,7,6,17
6,7,6,18
6,7,6,19
11,34,1,0
10,42,2,0
7,7,5,6
9,24,3,0
10,42,2,1
8,13,4,3
7,7,5,7
10,43,2,0
9,24,3,1
6,8,6,0
7,7,5,8
11,35,1,1
7,7,5,9
11,36,1,0
6,8,6,1
9,25,3,0
7,7,5,10
9,25,3,1
10,46,2,0
9,25,3,2
11,37,1,1
6,8,6,2
8,14,4,4
7,8,5,0
11,38,1,0
7,8,5,1
9,26,3,1
7,8,5,2
8,15,4,0
7,8,5,3
10,49,2,0
8,15,4,1
11,39,1,1
7,8,5,4
6,8,6,4
10,49,2,1
11,40,1,0
9,27,3,2
7,8,5,5
8,15,4,2
10,50,2,0
9,28,3,1
11,41,1,1
11,42,1,0
10,53,2,1
7,9,5,0
6,8,6,7
7,9,5,1
8,16,4,0
7,9,5,2
8,16,4,1
6,8,6,8
6,8,6,9
6,8,6,10
6,8,6,11
6,8,6,12
6,8,6,13
6,8,6,14
6,8,6,15
6,8,6,16
6,8,6,17
6,8,6,18
6,8,6,19
11,43,1,1
10,54,2,0
8,17,4,0
9,29,3,2
7,9,5,5
11,44,1,0
6,9,6,0
7,9,5,6
9,30,3,0
8,17,4,2
6,9,6,2
7,9,5,8
9,30,3,1
11,45,1,1
6,9,6,4
11,46,1,0
10,57,2,1
8,18,4,0
10,58,2,0
7,10,5,0
8,18,4,1
6,9,6,7
11,47,1,0
7,10,5,2
9,31,3,1
6,9,6,9
6,9,6,10
6,9,6,11
6,9,6,12
6,9,6,13
6,9,6,14
6,9,6,15
6,9,6,16
6,9,6,17
6,9,6,18
6,9,6,19
9,31,3,2
7,10,5,3
11,47,1,1
8,18,4,3
11,48,1,0
10,61,2,1
7,10,5,5
6,10,6,3
8,18,4,4
10,62,2,0
8,19,4,0
11,49,1,1
9,32,3,1
8,19,4,1
11,50,1,0
8,19,4,2
6,10,6,10
6,10,6,11
6,10,6,12
6,10,6,13
6,10,6,14
6,10,6,15
6,10,6,16
6,10,6,17
6,10,6,18
6,10,6,19
7,11,5,0
10,65,2,0
11,51,1,1
8,20,4,0
8,20,4,1
10,65,2,1
11,52,1,0
7,11,5,2
9,33,3,0
10,66,2,0
6,11,6,3
7,11,5,3
7,11,5,4
11,53,1,1
8,21,4,1
11,54,1,0
9,33,3,2
7,11,5,6
7,11,5,8
10,69,2,0
11,55,1,1
8,22,4,0
10,69,2,1
11,56,1,0
8,22,4,1
10,70,2,0
7,11,5,10
8,22,4,2
9,34,3,1
10,71,2,0
7,12,5,0
11,57,1,1
6,11,6,11
6,11,6,12
6,11,6,13
6,11,6,14
6,11,6,15
6,11,6,16
6,11,6,17
6,11,6,18
6,11,6,19
7,12,5,3
10,73,2,0
9,35,3,0
11,58,1,0
8,23,4,0
7,12,5,5
8,23,4,1
9,35,3,2
11,59,1,1
11,60,1,0
10,76,2,0
8,24,4,1
10,76,2,1
9,36,3,0
10,77,2,0
11,61,1,1
9,36,3,1
11,62,1,0
10,78,2,0
9,36,3,2
8,25,4,3
7,13,5,3
8,25,4,4
11,63,1,1
8,25,4,5
11,64,1,0
10,80,2,0
8,26,4,0
9,37,3,0
8,26,4,1
7,13,5,6
8,26,4,2
10,81,2,0
6,12,6,10
7,13,5,8
11,65,1,1
9,37,3,2
11,66,1,0
6,12,6,11
8,27,4,0
9,37,3,3
8,27,4,1
10,83,2,1
7,14,5,0
6,12,6,12
6,12,6,13
6,12,6,14
6,12,6,15
6,12,6,16
6,12,6,17
6,12,6,18
6,12,6,19
9,38,3,0
11,67,1,1
10,84,2,0
7,14,5,1
8,28,4,0
11,68,1,0
7,14,5,2
9,38,3,1
7,14,5,3
8,28,4,2
7,14,5,4
7,14,5,5
11,69,1,1
11,70,1,0
8,29,4,0
10,87,2,0
9,39,3,0
10,87,2,1
8,29,4,2
9,39,3,1
8,29,4,3
7,15,5,0
10,88,2,0
11,71,1,1
7,15,5,1
8,29,4,4
9,39,3,2
11,72,1,0
10,89,2,0
8,30,4,0
7,15,5,4
8,30,4,1
7,15,5,5
8,30,4,2
11,73,1,1
9,40,3,0
7,15,5,6
11,74,1,0
9,40,3,1
7,15,5,8
10,91,2,0
8,31,4,0
8,31,4,1
11,75,1,1
10,92,2,0
8,31,4,2
11,76,1,0
7,16,5,0
9,41,3,0
11,77,1,0
7,16,5,2
8,32,4,0
11,77,1,1
7,16,5,3
8,32,4,1
10,94,2,1
11,78,1,0
7,16,5,4
9,41,3,2
10,95,2,0
7,16,5,5
10,95,2,1
8,33,4,0
11,79,1,1
6,13,6,13
6,13,6,14
6,13,6,15
6,13,6,16
6,13,6,17
6,13,6,18
6,13,6,19
11,80,1,0
9,42,3,0
8,33,4,1
10,98,2,1
7,17,5,0
8,33,4,2
10,99,2,0
7,17,5,1
11,81,1,1
9,42,3,1
7,17,5,2
11,82,1,0
7,17,5,3
8,34,4,0
7,17,5,4
8,34,4,1
11,83,1,1
8,34,4,2
6,14,6,3
7,17,5,6
11,84,1,0
10,102,2,1
7,17,5,8
8,35,4,0
11,85,1,0
10,103,2,0
11,85,1,1
8,35,4,2
9,43,3,2
7,17,5,10
11,86,1,0
7,18,5,0
9,44,3,0
11,87,1,1
10,106,2,0
8,36,4,3
11,88,1,0
10,106,2,1
7,18,5,3
9,44,3,1
8,36,4,5
10,107,2,0
7,18,5,4
7,18,5,5
11,89,1,1
11,90,1,0
8,37,4,3
6,14,6,12
8,37,4,4
8,37,4,5
11,91,1,1
9,45,3,0
11,92,1,0
6,14,6,14
6,14,6,15
6,14,6,16
6,14,6,17
6,14,6,18
6,14,6,19
10,110,2,0
8,38,4,3
9,45,3,1
7,19,5,0
8,38,4,4
11,93,1,1
10,110,2,1
7,19,5,1
8,38,4,5
11,94,1,0
10,111,2,0
7,19,5,2
9,45,3,2
7,19,5,4
11,95,1,1
7,19,5,5
11,96,1,0
10,113,2,0
8,39,4,4
7,19,5,6
9,46,3,0
8,39,4,5
10,114,2,0
7,19,5,8
11,97,1,1
11,98,1,0
9,46,3,1
7,19,5,10
8,40,4,3
11,99,1,0
8,40,4,4
11,99,1,1
7,20,5,1
8,40,4,5
10,117,2,0
11,100,1,0
6,15,6,10
7,20,5,3
10,117,2,1
9,47,3,0
10,118,2,0
6,15,6,11
7,20,5,5
8,41,4,3
11,101,1,1
7,20,5,6
10,119,2,0
11,102,1,0
7,20,5,7
8,41,4,4
10,120,2,0
9,47,3,2
8,41,4,5
6,15,6,14
7,20,5,9
11,103,1,1
10,121,2,0
7,20,5,10
11,104,1,0
7,20,5,11
6,15,6,15
6,15,6,16
6,15,6,17
6,15,6,18
6,15,6,19
9,48,3,0
8,42,4,1
10,122,2,0
11,105,1,1
8,42,4,2
9,48,3,1
11,106,1,0
8,42,4,3
8,42,4,5
7,21,5,6
10,124,2,0
7,21,5,7
11,107,1,1
7,21,5,8
6,16,6,3
11,108,1,0
8,43,4,3
8,43,4,5
7,21,5,11
11,109,1,1
6,16,6,5
10,127,2,0
9,49,3,2
7,22,5,1
11,110,1,0
10,127,2,1
8,44,4,4
10,128,2,0
8,44,4,5
7,22,5,3
11,111,1,1
10,129,2,0
7,22,5,5
6,16,6,8
11,112,1,0
9,50,3,1
8,45,4,3
10,130,2,0
7,22,5,7
8,45,4,4
6,16,6,9
9,50,3,2
8,45,4,5
7,22,5,8
10,131,2,0
11,113,1,1
8,46,4,0
7,22,5,9
9,50,3,3
8,46,4,1
11,114,1,0
7,22,5,10
8,46,4,2
10,132,2,0
7,22,5,11
6,16,6,12
10,133,2,0
11,115,1,1
9,51,3,2
11,116,1,0
10,134,2,1
8,47,4,4
9,51,3,3
6,16,6,15
10,135,2,1
7,23,5,6
11,117,1,1
9,52,3,0
7,23,5,7
6,16,6,16
6,16,6,17
6,16,6,18
6,16,6,19
11,118,1,0
10,136,2,1
7,23,5,8
8,48,4,4
9,52,3,1
7,23,5,9
8,48,4,5
10,137,2,1
11,119,1,1
7,23,5,11
10,138,2,1
11,120,1,0
8,49,4,3
8,49,4,4
10,139,2,1
8,49,4,5
10,140,2,0
11,121,1,1
7,24,5,3
10,140,2,1
11,122,1,0
9,53,3,1
7,24,5,5
8,50,4,4
7,24,5,6
9,53,3,2
11,123,1,1
7,24,5,7
11,124,1,0
10,143,2,1
8,51,4,4
7,24,5,10
8,51,4,5
7,24,5,11
11,125,1,1
9,54,3,1
11,126,1,0
8,52,4,3
10,145,2,1
8,52,4,4
8,52,4,5
6,17,6,10
10,146,2,1
11,127,1,1
8,53,4,1
9,55,3,0
11,128,1,0
8,53,4,2
10,147,2,1
6,17,6,11
7,25,5,6
11,129,1,1
9,55,3,2
8,53,4,4
10,148,2,1
7,25,5,7
11,130,1,0
8,53,4,5
7,25,5,8
10,149,2,1
7,25,5,9
11,131,1,0
10,150,2,0
8,54,4,3
7,25,5,10
11,131,1,1
10,150,2,1
7,25,5,11
8,54,4,5
11,132,1,0
9,56,3,1
11,133,1,1
7,26,5,3
8,55,4,4
6,17,6,17
6,17,6,18
8,55,4,5
10,153,2,1
11,134,1,0
6,17,6,19
7,26,5,5
10,154,2,1
9,57,3,0
11,135,1,1
8,56,4,3
7,26,5,8
11,136,1,0
8,56,4,4
8,56,4,5
10,156,2,1
8,57,4,1
11,137,1,1
9,57,3,2
10,157,2,0
11,138,1,0
10,157,2,1
11,139,1,0
11,139,1,1
8,58,4,2
11,140,1,0
7,27,5,6
9,58,3,1
10,160,2,1
7,27,5,8
11,141,1,1
9,58,3,2
10,161,2,0
11,142,1,0
10,161,2,1
8,59,4,3
7,27,5,11
8,59,4,4
11,143,1,0
8,59,4,5
9,59,3,0
11,143,1,1
7,28,5,1
8,60,4,1
11,144,1,0
9,59,3,1
8,60,4,2
6,18,6,11
7,28,5,3
9,59,3,2
10,164,2,1
8,60,4,5
11,145,1,1
7,28,5,5
10,165,2,0
11,146,1,0
9,59,3,3
6,18,6,13
7,28,5,7
9,60,3,0
7,28,5,8
8,61,4,5
6,18,6,14
11,147,1,1
7,28,5,9
9,60,3,1
11,148,1,0
7,28,5,11
10,168,2,1
8,62,4,5
11,149,1,1
10,169,2,0
11,150,1,0
8,63,4,3
9,61,3,0
6,18,6,18
6,18,6,19
8,63,4,4
11,151,1,1
9,61,3,1
7,29,5,6
11,152,1,0
8,64,4,1
10,172,2,0
9,61,3,2
7,29,5,8
8,64,4,2
11,153,1,0
10,172,2,1
7,29,5,9
11,153,1,1
10,173,2,0
11,154,1,0
8,64,4,5
7,29,5,11
11,155,1,1
11,156,1,0
10,175,2,1
7,30,5,3
11,157,1,0
7,30,5,5
10,176,2,1
11,157,1,1
7,30,5,6
11,158,1,0
8,66,4,5
9,62,3,0
7,30,5,9
10,178,2,1
11,159,1,1
8,67,4,3
7,30,5,10
11,160,1,0
8,67,4,4
6,19,6,10
9,62,3,1
10,179,2,1
7,30,5,11
8,68,4,1
6,19,6,11
10,180,2,0
8,68,4,2
11,161,1,1
10,180,2,1
11,162,1,0
6,19,6,12
8,68,4,5
9,63,3,0
11,163,1,0
6,19,6,14
11,163,1,1
7,31,5,6
8,69,4,3
9,63,3,1
11,164,1,0
7,31,5,7
6,19,6,15
10,183,2,1
7,31,5,8
9,63,3,2
6,19,6,16
7,31,5,9
10,184,2,0
11,165,1,1
7,31,5,10
11,166,1,0
6,19,6,17
8,70,4,4
7,31,5,11
9,64,3,0
7,32,5,1
11,167,1,1
6,19,6,18
10,186,2,1
7,32,5,2
11,168,1,0
8,71,4,3
9,64,3,1
7,32,5,3
8,71,4,4
6,19,6,19
10,187,2,1
7,32,5,4
8,71,4,5
7,32,5,5
11,169,1,1
11,170,1,0
9,65,3,0
7,32,5,7
10,189,2,1
9,65,3,2
7,32,5,9
10,190,2,1
11,171,1,1
9,66,3,0
10,191,2,0
11,172,1,0
9,66,3,1
7,32,5,11
10,191,2,1
9,67,3,0
11,173,1,1
9,67,3,1
11,174,1,0
9,67,3,2
9,68,3,0
11,175,1,0
10,194,2,1
9,68,3,1
7,33,5,5
11,175,1,1
7,33,5,6
11,176,1,0
9,69,3,0
9,69,3,1
7,33,5,8
10,196,2,1
9,69,3,2
11,177,1,1
7,33,5,10
10,197,2,1
11,178,1,0
9,70,3,0
10,198,2,0
9,70,3,1
10,198,2,1
11,179,1,0
11,179,1,1
9,71,3,0
7,34,5,3
9,71,3,1
11,180,1,0
9,71,3,2
7,34,5,5
7,34,5,6
9,72,3,1
10,201,2,1
11,181,1,1
9,72,3,2
10,202,2,0
11,182,1,0
9,72,3,3
10,202,2,1
7,34,5,10
9,73,3,2
11,183,1,1
7,34,5,11
9,73,3,3
11,184,1,0
9,74,3,1
9,74,3,2
11,185,1,0
10,205,2,1
9,74,3,3
11,185,1,1
10,206,2,0
11,186,1,0
9,75,3,2
9,75,3,3
7,35,5,6
11,187,1,1
7,35,5,7
9,76,3,1
11,188,1,0
7,35,5,8
9,76,3,2
9,76,3,3
10,209,2,1
11,189,1,1
7,35,5,11
9,77,3,2
10,210,2,0
9,77,3,3
11,190,1,1
9,78,3,1
11,191,1,0
9,78,3,3
7,36,5,3
11,192,1,1
9,79,3,2
7,36,5,5
11,193,1,0
9,79,3,3
10,213,2,1
10,214,2,0
9,80,3,1
7,36,5,8
9,80,3,2
11,194,1,1
9,80,3,3
11,195,1,0
7,36,5,11
9,81,3,2
9,81,3,3
11,196,1,1
9,82,3,1
10,217,2,1
9,82,3,2
11,197,1,0
10,218,2,0
9,82,3,3
10,218,2,1
11,198,1,1
7,37,5,6
9,83,3,2
11,199,1,0
9,83,3,3
7,37,5,8
9,84,3,0
7,37,5,9
11,200,1,1
9,84,3,1
10,221,2,1
11,201,1,0
9,84,3,2
7,37,5,11
9,84,3,3
11,202,1,1
9,85,3,1
9,85,3,2
11,203,1,0
7,38,5,3
10,224,2,1
9,86,3,1
10,225,2,0
7,38,5,5
9,86,3,3
11,204,1,1
10,225,2,1
7,38,5,6
11,205,1,0
9,87,3,2
11,206,1,1
9,88,3,1
11,207,1,0
10,228,2,1
9,88,3,3
10,229,2,0
7,38,5,10
11,208,1,1
9,89,3,2
10,229,2,1
11,209,1,0
7,38,5,11
9,90,3,1
9,90,3,2
11,210,1,1
11,211,1,0
10,232,2,1
9,91,3,2
10,233,2,0
11,212,1,0
7,39,5,6
9,91,3,3
11,212,1,1
9,92,3,0
7,39,5,7
9,92,3,1
11,213,1,0
7,39,5,8
7,39,5,9
7,39,5,10
9,93,3,0
7,39,5,11
11,214,1,1
9,93,3,1
9,93,3,2
11,215,1,0
10,236,2,1
9,94,3,1
11,216,1,1
11,217,1,0
9,95,3,2
9,95,3,3
11,218,1,1
10,239,2,1
11,219,1,0
9,96,3,1
10,240,2,0
9,96,3,3
11,220,1,0
11,220,1,1
9,97,3,2
11,221,1,0
9,97,3,3
9,98,3,1
9,98,3,2
11,222,1,1
10,243,2,1
9,98,3,3
11,223,1,0
10,244,2,0
10,244,2,1
9,99,3,2
11,224,1,1
9,99,3,3
11,225,1,0
9,100,3,1
11,226,1,0
10,247,2,1
11,226,1,1
9,101,3,2
10,248,2,0
11,227,1,0
9,101,3,3
9,102,3,1
11,228,1,1
9,102,3,3
11,229,1,0
9,103,3,2
10,251,2,1
9,103,3,3
11,230,1,1
10,252,2,0
9,104,3,1
11,231,1,0
9,104,3,2
10,252,2,1
9,104,3,3
9,105,3,2
11,232,1,1
9,105,3,3
11,233,1,0
9,106,3,0
9,106,3,1
10,255,2,1
11,234,1,0
10,256,2,0
9,106,3,3
11,234,1,1
11,235,1,0
9,107,3,1
9,107,3,2
9,107,3,3
11,236,1,1
9,108,3,1
11,237,1,0
9,108,3,3
10,259,2,1
11,238,1,0
10,260,2,0
9,109,3,2
11,238,1,1
11,239,1,0
9,110,3,1
11,240,1,0
9,110,3,3
11,240,1,1
11,241,1,0
9,111,3,2
10,263,2,1
10,264,2,0
9,112,3,1
11,242,1,1
9,112,3,2
11,243,1,0
11,244,1,0
9,113,3,2
11,244,1,1
9,113,3,3
11,245,1,0
9,114,3,1
10,267,2,1
11,246,1,1
11,247,1,0
9,115,3,2
11,248,1,1
11,249,1,0
9,116,3,1
11,250,1,1
11,251,1,0
9,117,3,2
11,252,1,1
11,253,1,0
9,118,3,1
9,118,3,2
11,254,1,0
9,118,3,3
11,254,1,1
11,255,1,0
9,119,3,2
11,256,1,1
9,119,3,3
11,257,1,0
9,120,3,0
9,120,3,1
11,258,1,0
11,258,1,1
9,120,3,3
11,259,1,0
9,121,3,1
11,260,1,0
9,121,3,2
11,260,1,1
11,261,1,0
11,262,1,1
11,263,1,0
9,122,3,1
11,264,1,0
11,264,1,1
11,265,1,0
9,122,3,3
11,266,1,0
11,266,1,1
11,267,1,0
11,267,1,1
11,268,1,1
11,269,1,0
9,123,3,2
11,269,1,1
11,270,1,1
11,271,1,0
11,272,1,1
9,124,3,1
11,273,1,0
11,273,1,1
11,274,1,1
11,275,1,0
9,124,3,3
11,275,1,1
11,276,1,1
9,125,3,2
11,277,1,0
9,126,3,1
11,278,1,1
9,126,3,2
11,279,1,0
11,279,1,1
11,280,1,1
9,127,3,2
11,281,1,0
9,127,3,3
9,128,3,0
11,282,1,1
9,128,3,1
11,283,1,0
9,128,3,3
11,284,1,1
9,129,3,1
11,285,1,0
9,129,3,2
11,286,1,1
9,130,3,1
11,287,1,0
11,288,1,1
11,289,1,0
9,131,3,2
11,289,1,1
11,290,1,1
9,132,3,1
11,291,1,0
9,132,3,3
11,292,1,1
11,293,1,0
9,133,3,2
11,293,1,1
11,294,1,1
9,134,3,1
9,134,3,2
11,295,1,0
11,295,1,1
11,296,1,1
11,297,1,0
9,135,3,2
9,135,3,3
11,298,1,1
9,136,3,0
11,299,1,0
9,136,3,1
11,299,1,1
9,136,3,3
11,300,1,1
11,301,1,0
9,137,3,1
9,137,3,2
11,302,1,1
11,303,1,0
9,138,3,1
11,304,1,1
11,305,1,0
9,139,3,2
11,306,1,1
11,307,1,0
11,307,1,1
9,140,3,1
11,308,1,1
11,309,1,0
9,141,3,2
11,310,1,1
11,311,1,0
9,142,3,1
9,142,3,2
11,312,1,1
11,313,1,0
11,313,1,1
9,143,3,2
11,314,1,1
9,143,3,3
11,315,1,0
11,316,1,1
11,317,1,0
11,318,1,1
11,319,1,0
11,320,1,1
11,321,1,0
11,321,1,1
11,322,1,1
11,323,1,0
11,324,1,1
11,325,1,0
11,326,1,1
11,327,1,0
11,328,1,1
11,329,1,0
11,330,1,1
11,331,1,0
11,332,1,1
11,333,1,0
11,334,1,1
11,335,1,0
11,336,1,1
11,337,1,0
11,338,1,1
11,339,1,0
11,340,1,1
11,341,1,0
11,342,1,1
11,343,1,0
11,344,1,0
11,345,1,1
11,346,1,0
11,347,1,1
11,348,1,0
11,348,1,1
11,349,1,1
11,350,1,0
11,351,1,1
11,352,1,0
11,353,1,1
11,354,1,0
11,354,1,1
11,355,1,1
11,356,1,0
11,357,1,1
11,358,1,0
11,358,1,1
11,359,1,1
11,360,1,0
11,361,1,1
11,362,1,0
11,363,1,1
11,364,1,0
11,365,1,1
11,366,1,0
11,367,1,1
11,368,1,0
11,369,1,1
11,370,1,0
11,370,1,1
11,371,1,1
11,372,1,0
11,373,1,1
11,374,1,0
11,375,1,1
11,376,1,0
11,376,1,1
11,377,1,1
11,378,1,0
11,379,1,1
11,380,1,0
11,380,1,1
11,381,1,1
11,382,1,0
11,383,1,1
11,384,1,0
11,385,1,1
11,386,1,0
11,387,1,1
11,388,1,0
11,389,1,1
11,390,1,0
11,390,1,1
11,391,1,1
11,392,1,0
11,393,1,1
11,394,1,0
11,394,1,1
11,395,1,1
11,396,1,0
11,397,1,1
11,398,1,0
11,399,1,1
11,400,1,0
11,401,1,1
11,402,1,0
11,402,1,1
11,403,1,1
11,404,1,0
11,405,1,1
11,406,1,0
11,407,1,1
11,408,1,0
11,409,1,1
11,410,1,0
11,411,1,1
11,412,1,0
11,413,1,1
11,414,1,0
11,415,1,1
11,416,1,0
11,417,1,1
11,418,1,0
11,419,1,1
11,420,1,0
11,421,1,1
11,422,1,0
11,423,1,1
11,424,1,0
11,425,1,1
11,426,1,0
11,427,1,1
11,428,1,0
11,429,1,1
11,430,1,0
11,431,1,1
11,432,1,0
11,433,1,1
11,434,1,0
11,434,1,1
11,435,1,1
11,436,1,0
11,437,1,1
11,438,1,0
11,439,1,1
11,440,1,0
11,441,1,1
11,442,1,0
11,443,1,1
11,444,1,0
11,445,1,1
11,446,1,0
11,447,1,1
11,448,1,0
11,448,1,1
11,449,1,1
11,450,1,0
11,451,1,1
11,452,1,0
11,453,1,1
11,454,1,0
11,455,1,1
11,456,1,0
11,456,1,1
11,457,1,1
11,458,1,0
11,459,1,1
11,460,1,0
11,461,1,1
11,462,1,0
11,463,1,1
11,464,1,0
11,465,1,1
11,466,1,0
11,467,1,1
11,468,1,0
11,469,1,1
11,470,1,0
11,471,1,1
11,472,1,0
11,473,1,1
11,474,1,0
11,475,1,1
11,476,1,0
11,477,1,1
11,478,1,0
11,479,1,1
11,480,1,0
11,481,1,1
11,482,1,0
11,483,1,1
11,484,1,0
11,485,1,1
11,486,1,0
11,486,1,1
11,487,1,1
11,488,1,0
11,489,1,1
11,490,1,0
11,491,1,1
11,492,1,0
11,493,1,1
11,494,1,0
11,495,1,1
11,496,1,0
11,497,1,1
11,498,1,0
11,499,1,1
11,500,1,0
11,501,1,1
11,502,1,0
11,502,1,1
11,503,1,1
11,504,1,0
11,505,1,1
11,506,1,0
11,507,1,1
11,508,1,0
11,509,1,1
11,510,1,0
11,511,1,1
11,512,1,0
11,513,1,1
11,514,1,0
11,515,1,1
11,516,1,0
11,517,1,1
11,518,1,0
11,519,1,1
11,520,1,0
11,521,1,1
11,522,1,0
11,523,1,1
11,524,1,0
11,525,1,1
11,526,1,0
11,527,1,1
11,528,1,0
11,529,1,1
11,530,1,0
11,531,1,1
11,532,1,0
11,533,1,1
