2,0,2,0
2,0,2,1
3,0,1,0
2,1,2,1
3,1,1,0
3,1,1,1
3,2,1,0
3,2,1,1
3,3,1,1
6,0,1,0
6,0,3,0
6,0,2,0
6,0,3,1
6,0,4,0
6,0,6,0
6,0,6,1
6,0,6,2
6,0,6,3
6,0,6,4
6,0,6,5
6,0,6,6
6,0,6,7
6,0,6,8
6,0,6,9
6,0,6,10
6,0,6,11
6,0,6,12
6,0,6,13
6,0,6,14
6,0,6,15
6,0,6,16
6,0,6,17
6,0,6,18
6,0,6,19
6,0,4,1
6,0,5,0
6,1,1,1
6,1,3,1
6,2,1,0
6,1,3,2
6,0,4,2
6,0,5,1
6,1,6,0
6,2,3,1
6,3,1,1
6,3,2,0
6,4,1,0
6,0,5,2
6,3,2,1
6,1,6,1
6,3,3,0
6,1,6,2
6,1,6,3
6,1,6,4
6,1,6,5
6,1,6,6
6,1,6,7
6,1,6,8
6,1,6,9
6,1,6,10
6,1,6,11
6,1,6,12
6,1,6,13
6,1,6,14
6,1,6,15
6,1,6,16
6,1,6,17
6,1,6,18
6,1,6,19
6,1,4,0
6,4,2,0
6,3,3,2
6,5,1,1
6,0,5,3
6,1,4,1
6,6,1,0
6,5,2,0
6,2,6,0
6,4,3,1
6,0,5,4
6,7,1,0
6,5,3,0
6,0,5,5
6,7,2,0
6,8,1,1
6,5,3,2
6,9,1,0
6,2,6,2
6,2,6,3
6,2,6,4
6,2,6,5
6,2,6,6
6,2,6,7
6,2,6,8
6,2,6,9
6,2,4,0
6,2,6,10
6,2,6,11
6,2,6,12
6,2,6,13
6,2,6,14
6,2,6,15
6,2,6,16
6,2,6,17
6,2,6,18
6,2,6,19
6,8,2,0
6,6,3,1
6,6,3,2
6,10,1,1
6,9,2,0
6,2,4,2
6,11,1,0
6,7,3,0
6,3,6,0
6,7,3,1
6,12,1,1
6,8,3,0
6,10,2,1
6,8,3,1
6,8,3,2
6,13,1,1
6,11,2,1
6,14,1,0
6,9,3,0
6,3,4,0
6,9,3,1
6,12,2,1
6,3,6,3
6,3,6,4
6,3,6,5
6,3,6,6
6,3,6,7
6,3,6,8
6,15,1,1
6,3,6,9
6,3,6,10
6,3,6,11
6,3,6,12
6,3,6,13
6,3,6,14
6,3,6,15
6,3,6,16
6,3,6,17
6,3,6,18
6,3,6,19
6,16,1,0
6,10,3,2
6,4,6,0
6,3,4,3
6,14,2,1
6,10,3,3
6,3,4,4
6,17,1,1
6,15,2,1
6,11,3,1
6,18,1,0
6,16,2,0
6,11,3,2
6,16,2,1
6,4,4,0
6,11,3,3
6,1,5,0
6,19,1,1
6,4,4,1
6,4,6,3
6,4,4,2
6,1,5,1
6,12,3,2
6,12,3,3
6,4,6,4
6,4,6,5
6,4,6,6
6,4,6,7
6,4,6,8
6,4,6,9
6,4,6,10
6,4,6,11
6,4,6,12
6,4,6,13
6,4,6,14
6,4,6,15
6,4,6,16
6,4,6,17
6,4,6,18
6,4,6,19
6,13,3,1
6,13,3,2
6,19,2,1
6,5,6,0
6,5,4,0
6,1,5,5
6,5,4,1
6,5,6,1
6,14,3,1
6,1,5,6
6,14,3,3
6,1,5,8
6,5,6,4
6,15,3,2
6,5,6,5
6,5,6,6
6,5,6,7
6,5,6,8
6,5,6,9
6,5,6,10
6,5,6,11
6,5,6,12
6,5,6,13
6,5,6,14
6,5,6,15
6,5,6,16
6,5,6,17
6,5,6,18
6,5,6,19
6,6,4,1
6,16,3,1
6,2,5,0
6,16,3,3
6,6,6,1
6,2,5,2
6,2,5,3
6,17,3,2
6,7,4,0
6,7,4,1
6,2,5,5
6,18,3,1
6,7,4,2
6,18,3,2
6,6,6,6
6,6,6,7
6,6,6,8
6,6,6,9
6,6,6,10
6,6,6,11
6,6,6,12
6,6,6,13
6,6,6,14
6,6,6,15
6,6,6,16
6,6,6,17
6,6,6,18
6,6,6,19
6,8,4,0
6,7,6,0
6,19,3,2
6,8,4,1
6,19,3,3
6,8,4,2
6,3,5,0
6,7,6,3
6,9,4,0
6,9,4,2
6,7,6,5
6,3,5,3
6,3,5,4
6,7,6,7
6,7,6,8
6,7,6,9
6,7,6,10
6,7,6,11
6,7,6,12
6,7,6,13
6,7,6,14
6,7,6,15
6,7,6,16
6,7,6,17
6,7,6,18
6,7,6,19
6,3,5,6
6,8,6,0
6,8,6,1
6,10,4,3
6,3,5,8
6,8,6,2
6,10,4,5
6,8,6,4
6,4,5,0
6,11,4,3
6,11,4,4
6,11,4,5
6,8,6,7
6,4,5,3
6,8,6,8
6,8,6,9
6,8,6,10
6,8,6,11
6,8,6,12
6,8,6,13
6,8,6,14
6,8,6,15
6,8,6,16
6,8,6,17
6,8,6,18
6,8,6,19
6,4,5,4
6,4,5,5
6,9,6,0
6,12,4,3
6,12,4,4
6,9,6,2
6,12,4,5
6,9,6,4
6,5,5,0
6,13,4,4
6,5,5,1
6,9,6,7
6,5,5,4
6,9,6,9
6,9,6,10
6,9,6,11
6,9,6,12
6,9,6,13
6,9,6,14
6,9,6,15
6,9,6,16
6,9,6,17
6,9,6,18
6,9,6,19
6,5,5,5
6,14,4,4
6,5,5,6
6,14,4,5
6,5,5,8
6,10,6,3
6,15,4,3
6,15,4,4
6,15,4,5
6,6,5,1
6,16,4,1
6,16,4,2
6,6,5,3
6,6,5,5
6,16,4,5
6,10,6,10
6,10,6,11
6,10,6,12
6,10,6,13
6,10,6,14
6,10,6,15
6,10,6,16
6,10,6,17
6,10,6,18
6,10,6,19
6,6,5,6
6,17,4,3
6,11,6,3
6,17,4,5
6,7,5,0
6,7,5,1
6,7,5,2
6,18,4,4
6,7,5,3
6,18,4,5
6,7,5,4
6,7,5,5
6,19,4,3
6,11,6,11
6,11,6,12
6,11,6,13
6,11,6,14
6,11,6,15
6,11,6,16
6,11,6,17
6,11,6,18
6,11,6,19
6,19,4,4
6,19,4,5
6,8,5,0
6,8,5,1
6,8,5,2
6,8,5,4
6,8,5,5
6,8,5,6
6,8,5,8
6,12,6,10
6,12,6,11
6,9,5,0
6,12,6,12
6,12,6,13
6,12,6,14
6,12,6,15
6,12,6,16
6,12,6,17
6,12,6,18
6,12,6,19
6,9,5,2
6,9,5,3
6,9,5,4
6,9,5,5
6,9,5,8
6,10,5,3
6,13,6,13
6,13,6,14
6,13,6,15
6,13,6,16
6,13,6,17
6,13,6,18
6,13,6,19
6,10,5,6
6,10,5,7
6,10,5,8
6,10,5,9
6,14,6,3
6,10,5,11
6,11,5,3
6,11,5,5
6,11,5,6
6,11,5,7
6,14,6,12
6,11,5,9
6,11,5,10
6,14,6,14
6,14,6,15
6,14,6,16
6,14,6,17
6,14,6,18
6,14,6,19
6,11,5,11
6,12,5,6
6,12,5,7
6,12,5,8
6,12,5,9
6,12,5,10
6,15,6,10
6,12,5,11
6,15,6,11
6,15,6,14
6,15,6,15
6,15,6,16
6,15,6,17
6,15,6,18
6,15,6,19
6,13,5,5
6,13,5,6
6,13,5,8
6,16,6,3
6,13,5,10
6,16,6,5
6,16,6,8
6,14,5,3
6,16,6,9
6,14,5,5
6,14,5,6
6,14,5,7
6,16,6,12
6,14,5,10
6,14,5,11
6,16,6,15
6,16,6,16
6,16,6,17
6,16,6,18
6,16,6,19
6,15,5,6
6,15,5,7
6,15,5,8
6,15,5,11
6,17,6,10
6,16,5,3
6,17,6,11
6,16,5,5
6,16,5,7
6,16,5,8
6,17,6,17
6,17,6,18
6,17,6,19
6,16,5,11
6,17,5,6
6,17,5,8
6,17,5,9
6,17,5,11
6,18,6,11
6,18,5,3
6,18,6,13
6,18,6,14
6,18,5,5
6,18,5,6
6,18,6,18
6,18,6,19
6,18,5,10
6,18,5,11
6,19,5,6
6,19,5,7
6,19,5,8
6,19,5,9
6,19,6,10
6,19,5,10
6,19,6,11
6,19,5,11
6,19,6,12
6,19,6,14
6,19,6,15
6,19,6,16
6,19,6,17
6,19,6,18
6,19,6,19
