7,0,6,0
8,0,5,0
11,0,2,0
9,0,4,0
10,0,3,0
7,0,6,1
8,0,5,1
12,0,1,0
7,0,6,2
8,0,5,2
7,0,6,3
9,0,4,1
8,0,5,3
7,0,6,4
10,0,3,1
8,0,5,4
9,0,4,2
7,0,6,5
11,3,2,1
8,0,5,5
11,4,2,0
7,0,6,7
12,1,1,1
10,1,3,1
7,0,6,8
10,1,3,2
7,0,6,9
12,2,1,0
9,1,4,1
8,1,5,1
10,2,3,1
11,7,2,1
11,8,2,0
8,1,5,5
9,2,4,2
8,1,5,6
8,1,5,8
12,3,1,1
10,3,3,2
12,4,1,0
9,3,4,3
7,1,6,0
11,11,2,1
9,3,4,4
10,4,3,1
8,2,5,2
7,1,6,1
11,12,2,0
8,2,5,3
9,4,4,1
8,2,5,5
9,4,4,2
12,5,1,1
7,1,6,5
10,5,3,2
7,1,6,6
12,6,1,0
8,3,5,0
7,1,6,8
10,6,3,1
11,15,2,1
8,3,5,3
10,6,3,2
11,16,2,0
12,7,1,1
8,3,5,6
8,3,5,8
12,8,1,0
9,7,4,0
10,7,3,2
10,7,3,3
9,7,4,3
10,8,3,0
11,19,2,1
9,7,4,4
10,8,3,1
11,20,2,0
8,4,5,3
12,9,1,1
9,8,4,1
8,4,5,4
7,2,6,0
9,8,4,2
8,4,5,5
12,10,1,0
10,9,3,1
10,9,3,2
7,2,6,2
11,23,2,1
10,10,3,1
11,24,2,0
12,11,1,1
7,2,6,8
12,12,1,0
7,2,6,9
10,11,3,2
8,5,5,0
11,27,2,1
10,12,3,1
11,28,2,0
12,13,1,1
8,5,5,5
12,14,1,0
8,5,5,6
9,11,4,0
8,5,5,8
10,13,3,2
9,11,4,3
11,31,2,0
7,3,6,0
9,11,4,4
11,31,2,1
10,14,3,1
11,32,2,0
12,15,1,1
10,14,3,2
7,3,6,3
9,12,4,1
12,16,1,0
9,12,4,2
10,15,3,0
8,6,5,3
7,3,6,7
10,15,3,2
10,15,3,3
8,6,5,5
11,35,2,1
11,36,2,0
8,6,5,6
10,16,3,0
12,17,1,1
7,3,6,10
10,16,3,1
9,13,4,3
7,3,6,11
12,18,1,0
10,17,3,1
7,3,6,14
8,7,5,0
11,39,2,1
10,17,3,2
11,40,2,0
7,3,6,16
12,19,1,1
9,14,4,4
10,18,3,1
8,7,5,4
12,20,1,0
9,15,4,0
8,7,5,6
7,4,6,0
8,7,5,7
9,15,4,2
8,7,5,8
9,15,4,3
10,19,3,2
11,43,2,1
8,7,5,9
9,15,4,4
7,4,6,3
11,44,2,0
12,21,1,1
9,15,4,5
8,7,5,10
7,4,6,4
9,16,4,0
10,20,3,1
7,4,6,5
12,22,1,0
9,16,4,1
8,8,5,1
9,16,4,2
7,4,6,8
8,8,5,2
7,4,6,9
11,47,2,0
8,8,5,3
10,21,3,2
12,23,1,1
11,47,2,1
8,8,5,4
11,48,2,0
9,17,4,1
8,8,5,5
12,24,1,0
10,22,3,1
10,22,3,2
10,23,3,0
12,25,1,1
10,23,3,2
7,5,6,0
9,18,4,2
8,9,5,0
10,23,3,3
7,5,6,1
12,26,1,0
10,24,3,0
11,51,2,1
10,24,3,1
9,19,4,0
11,52,2,0
8,9,5,5
7,5,6,5
12,27,1,1
8,9,5,6
9,19,4,3
10,25,3,1
7,5,6,7
9,19,4,4
10,25,3,2
12,28,1,0
8,9,5,8
9,20,4,1
11,55,2,1
10,26,3,1
9,20,4,2
11,56,2,0
8,10,5,0
12,29,1,1
9,21,4,0
12,30,1,0
8,10,5,3
10,27,3,2
8,10,5,5
11,59,2,1
10,28,3,1
11,60,2,0
7,6,6,1
12,31,1,1
12,32,1,0
8,11,5,0
11,62,2,0
10,29,3,2
7,6,6,6
9,23,4,0
10,30,3,1
8,11,5,4
9,23,4,2
12,33,1,1
10,30,3,2
9,23,4,3
8,11,5,6
12,34,1,0
9,23,4,4
10,31,3,0
11,65,2,1
8,11,5,8
11,66,2,0
10,31,3,1
9,24,4,1
9,24,4,2
12,35,1,1
8,12,5,0
10,32,3,1
11,69,2,1
12,36,1,0
10,32,3,2
11,70,2,0
8,12,5,3
7,7,6,0
9,25,4,0
8,12,5,5
10,33,3,1
7,7,6,2
12,37,1,1
7,7,6,4
11,73,2,1
12,38,1,0
11,74,2,0
7,7,6,6
10,34,3,2
7,7,6,7
10,35,3,1
7,7,6,9
12,39,1,1
11,77,2,0
7,7,6,10
11,77,2,1
7,7,6,11
12,40,1,0
11,78,2,0
8,13,5,6
9,27,4,3
10,36,3,2
9,27,4,4
7,7,6,14
8,13,5,8
10,37,3,1
7,7,6,16
11,81,2,1
12,41,1,1
10,37,3,2
11,82,2,0
9,28,4,1
7,7,6,18
12,42,1,0
9,28,4,2
10,38,3,0
7,8,6,0
8,14,5,3
10,38,3,2
11,85,2,0
10,38,3,3
11,85,2,1
12,43,1,1
7,8,6,3
11,86,2,0
8,14,5,5
10,39,3,0
8,14,5,6
12,44,1,0
10,39,3,1
7,8,6,5
9,29,4,3
7,8,6,7
7,8,6,8
11,89,2,1
9,30,4,0
10,40,3,1
7,8,6,9
11,90,2,0
10,40,3,2
12,45,1,1
9,30,4,1
8,15,5,1
9,30,4,2
12,46,1,0
8,15,5,2
11,92,2,0
10,41,3,1
8,15,5,3
8,15,5,4
10,42,3,0
8,15,5,5
9,31,4,1
12,47,1,1
10,42,3,2
11,95,2,1
12,48,1,0
11,96,2,0
7,9,6,0
10,43,3,1
7,9,6,1
9,32,4,2
8,16,5,0
7,9,6,2
11,99,2,0
10,44,3,2
11,99,2,1
12,49,1,1
11,100,2,0
9,33,4,0
8,16,5,5
12,50,1,0
7,9,6,7
10,45,3,1
8,16,5,6
7,9,6,8
9,33,4,3
10,45,3,2
9,33,4,4
8,16,5,8
10,46,3,0
11,103,2,1
11,104,2,0
10,46,3,1
9,34,4,1
8,17,5,0
12,51,1,1
9,34,4,2
12,52,1,0
8,17,5,3
10,47,3,1
11,107,2,1
10,47,3,2
11,108,2,0
8,17,5,5
9,35,4,0
7,10,6,0
10,48,3,1
7,10,6,2
12,53,1,1
10,49,3,0
11,111,2,1
9,36,4,0
11,112,2,0
12,54,1,0
10,49,3,2
8,18,5,0
7,10,6,7
8,18,5,1
7,10,6,9
10,50,3,1
8,18,5,4
11,115,2,1
9,37,4,0
11,116,2,0
8,18,5,6
9,37,4,2
12,55,1,1
9,37,4,3
8,18,5,8
10,51,3,2
9,37,4,4
12,56,1,0
11,119,2,1
10,52,3,1
11,120,2,0
8,19,5,0
10,52,3,2
9,38,4,1
9,38,4,2
7,11,6,0
8,19,5,3
7,11,6,2
10,53,3,2
8,19,5,5
12,57,1,1
7,11,6,3
10,53,3,3
11,123,2,1
9,39,4,0
11,124,2,0
7,11,6,4
12,58,1,0
10,54,3,0
10,54,3,1
7,11,6,6
7,11,6,7
11,127,2,1
8,20,5,0
7,11,6,9
10,55,3,1
12,59,1,1
11,128,2,0
9,40,4,0
8,20,5,1
7,11,6,10
10,55,3,2
7,11,6,11
12,60,1,0
8,20,5,4
10,56,3,1
7,11,6,14
11,131,2,0
8,20,5,6
11,131,2,1
9,41,4,0
11,132,2,0
7,11,6,16
12,61,1,1
8,20,5,8
9,41,4,2
10,57,3,2
7,11,6,18
12,62,1,0
9,41,4,3
9,41,4,4
10,58,3,0
7,12,6,0
8,21,5,1
10,58,3,1
11,135,2,1
9,42,4,0
12,63,1,0
8,21,5,3
11,136,2,0
7,12,6,3
9,42,4,1
9,42,4,2
8,21,5,5
7,12,6,5
10,59,3,1
8,21,5,6
10,59,3,2
7,12,6,7
12,64,1,1
7,12,6,8
11,139,2,0
11,139,2,1
10,60,3,1
7,12,6,9
11,140,2,0
12,65,1,0
9,43,4,3
8,22,5,0
8,22,5,1
8,22,5,2
10,61,3,2
9,44,4,0
8,22,5,3
11,143,2,0
12,66,1,1
11,143,2,1
9,44,4,1
8,22,5,4
11,144,2,0
9,44,4,2
8,22,5,5
10,62,3,1
12,67,1,0
11,146,2,0
9,45,4,0
10,63,3,2
9,45,4,1
7,13,6,3
12,68,1,1
8,23,5,0
11,149,2,1
10,64,3,1
12,69,1,0
8,23,5,1
11,150,2,0
10,64,3,2
9,46,4,0
10,65,3,0
8,23,5,4
7,13,6,10
9,46,4,2
8,23,5,5
11,153,2,0
7,13,6,11
10,65,3,2
12,70,1,1
11,153,2,1
8,23,5,6
10,65,3,3
11,154,2,0
12,71,1,0
10,66,3,0
8,23,5,8
9,47,4,0
10,66,3,1
9,47,4,2
11,157,2,0
9,47,4,3
11,157,2,1
12,72,1,1
11,158,2,0
9,47,4,4
10,67,3,1
8,24,5,1
12,73,1,0
7,14,6,0
10,67,3,2
9,48,4,0
11,160,2,0
8,24,5,3
7,14,6,1
9,48,4,1
7,14,6,2
10,68,3,1
8,24,5,5
9,48,4,2
7,14,6,3
8,24,5,6
7,14,6,4
7,14,6,5
12,74,1,1
11,163,2,0
10,69,3,0
11,163,2,1
7,14,6,7
12,75,1,0
11,164,2,0
10,69,3,2
7,14,6,8
7,14,6,9
10,70,3,1
11,166,2,1
12,76,1,1
11,167,2,1
11,168,2,0
10,71,3,0
12,77,1,0
8,25,5,6
10,71,3,2
8,25,5,7
9,50,4,4
8,25,5,8
9,50,4,5
10,72,3,1
11,171,2,1
11,172,2,0
12,78,1,1
8,25,5,11
10,72,3,2
7,15,6,0
8,26,5,0
7,15,6,1
12,79,1,0
9,51,4,3
10,73,3,0
8,26,5,1
9,51,4,4
10,73,3,1
8,26,5,2
11,175,2,0
7,15,6,4
9,51,4,5
8,26,5,3
11,175,2,1
7,15,6,5
9,52,4,0
11,176,2,0
8,26,5,4
7,15,6,6
12,80,1,1
8,26,5,5
9,52,4,1
10,74,3,1
7,15,6,7
9,52,4,2
10,74,3,2
7,15,6,8
12,81,1,0
11,179,2,0
11,179,2,1
10,75,3,1
11,180,2,0
9,53,4,1
12,82,1,1
8,27,5,0
10,76,3,0
11,182,2,0
8,27,5,1
12,83,1,0
10,76,3,2
8,27,5,5
11,185,2,0
10,77,3,1
7,16,6,0
11,185,2,1
8,27,5,6
12,84,1,1
9,54,4,2
11,186,2,0
7,16,6,2
8,27,5,8
10,78,3,0
12,85,1,0
7,16,6,4
10,78,3,2
11,188,2,1
9,55,4,0
11,189,2,1
8,28,5,0
7,16,6,7
10,79,3,1
9,55,4,3
12,86,1,1
7,16,6,8
10,79,3,2
8,28,5,2
9,55,4,4
11,191,2,1
7,16,6,9
8,28,5,3
12,87,1,0
10,80,3,0
11,192,2,1
8,28,5,5
11,193,2,0
9,56,4,1
10,80,3,1
11,193,2,1
9,56,4,2
12,88,1,1
10,81,3,0
10,81,3,1
11,196,2,1
9,57,4,0
12,89,1,0
10,81,3,2
11,197,2,0
8,29,5,0
7,17,6,0
8,29,5,2
10,82,3,1
7,17,6,1
8,29,5,3
7,17,6,2
12,90,1,1
8,29,5,4
7,17,6,3
11,200,2,1
12,91,1,0
7,17,6,4
11,201,2,0
10,83,3,2
8,29,5,6
7,17,6,6
10,83,3,3
7,17,6,7
9,59,4,0
10,84,3,0
7,17,6,8
9,59,4,1
10,84,3,1
8,29,5,8
11,204,2,1
9,59,4,2
7,17,6,9
12,92,1,1
9,59,4,3
11,205,2,0
7,17,6,10
12,93,1,0
9,59,4,4
7,17,6,11
12,94,1,0
10,85,3,1
9,60,4,1
7,17,6,13
10,85,3,2
9,60,4,2
7,17,6,14
12,95,1,1
12,96,1,0
11,208,2,1
8,30,5,0
7,17,6,16
10,86,3,1
11,209,2,0
9,61,4,0
8,30,5,3
7,17,6,18
12,97,1,1
8,30,5,4
10,87,3,0
12,98,1,0
7,18,6,0
9,62,4,0
11,212,2,0
8,30,5,5
10,87,3,2
11,212,2,1
12,99,1,1
7,18,6,3
11,213,2,0
12,100,1,0
7,18,6,4
9,63,4,0
10,88,3,1
7,18,6,5
9,63,4,1
9,63,4,2
12,101,1,1
7,18,6,7
8,31,5,0
9,63,4,3
12,102,1,0
10,89,3,0
9,63,4,4
8,31,5,1
7,18,6,8
9,64,4,0
8,31,5,2
7,18,6,9
11,216,2,1
10,89,3,2
9,64,4,1
12,103,1,1
11,217,2,0
9,64,4,2
8,31,5,4
12,104,1,0
8,31,5,5
8,31,5,6
10,90,3,1
9,65,4,0
10,90,3,2
12,105,1,1
8,31,5,8
11,220,2,0
9,65,4,2
12,106,1,0
11,220,2,1
9,65,4,3
10,91,3,0
11,221,2,0
9,65,4,4
10,91,3,1
8,32,5,0
12,107,1,1
9,66,4,0
8,32,5,1
9,66,4,1
7,19,6,0
12,108,1,0
9,66,4,2
7,19,6,1
8,32,5,3
10,92,3,0
8,32,5,4
7,19,6,2
11,224,2,1
10,92,3,1
8,32,5,5
12,109,1,1
11,225,2,0
9,67,4,0
8,32,5,6
10,92,3,2
7,19,6,4
9,67,4,1
12,110,1,0
11,226,2,0
8,32,5,8
7,19,6,5
7,19,6,6
10,93,3,1
11,227,2,0
12,111,1,1
7,19,6,7
12,112,1,0
9,68,4,0
8,33,5,0
7,19,6,8
8,33,5,1
7,19,6,9
9,68,4,2
8,33,5,2
12,113,1,1
8,33,5,3
12,114,1,0
10,94,3,2
7,19,6,11
8,33,5,4
8,33,5,5
10,94,3,3
11,230,2,1
9,69,4,0
7,19,6,13
12,115,1,1
11,231,2,0
9,69,4,1
12,116,1,0
7,19,6,14
10,95,3,1
9,69,4,2
9,69,4,3
7,19,6,16
9,69,4,4
12,117,1,1
10,95,3,3
12,118,1,0
8,34,5,0
7,19,6,18
9,70,4,0
11,234,2,0
8,34,5,1
9,70,4,1
11,234,2,1
8,34,5,2
12,119,1,1
9,70,4,2
10,96,3,2
11,235,2,0
12,120,1,0
8,34,5,4
10,96,3,3
7,20,6,1
8,34,5,5
8,34,5,6
9,71,4,0
12,121,1,1
7,20,6,3
10,97,3,1
9,71,4,1
8,34,5,8
10,97,3,2
12,122,1,0
9,71,4,2
11,238,2,0
7,20,6,5
10,97,3,3
11,238,2,1
9,71,4,4
7,20,6,6
11,239,2,0
8,35,5,0
12,123,1,1
12,124,1,0
11,240,2,0
9,72,4,1
7,20,6,8
8,35,5,2
10,98,3,2
11,241,2,0
8,35,5,3
10,98,3,3
7,20,6,10
12,125,1,1
8,35,5,4
9,72,4,3
12,126,1,0
10,99,3,0
7,20,6,11
8,35,5,5
9,72,4,4
10,99,3,1
7,20,6,12
9,72,4,5
12,127,1,1
7,20,6,13
11,244,2,0
12,128,1,0
8,35,5,8
11,244,2,1
7,20,6,14
11,245,2,0
9,73,4,3
7,20,6,15
12,129,1,1
10,100,3,1
12,130,1,0
9,73,4,4
10,100,3,2
7,20,6,17
9,73,4,5
11,247,2,0
7,20,6,18
12,131,1,1
7,20,6,19
8,36,5,3
12,132,1,0
9,74,4,1
10,101,3,1
9,74,4,2
9,74,4,3
12,133,1,1
8,36,5,6
9,74,4,4
12,134,1,0
8,36,5,7
11,250,2,1
8,36,5,8
9,74,4,5
11,251,2,0
8,36,5,9
12,135,1,1
10,102,3,2
12,136,1,0
8,36,5,11
9,75,4,3
12,137,1,1
9,75,4,5
10,103,3,1
11,254,2,0
12,138,1,0
7,21,6,10
11,254,2,1
8,37,5,3
7,21,6,11
11,255,2,0
8,37,5,5
12,139,1,1
7,21,6,12
9,76,4,4
8,37,5,6
12,140,1,0
9,76,4,5
8,37,5,7
7,21,6,14
10,104,3,2
7,21,6,15
12,141,1,1
8,37,5,9
11,258,2,0
7,21,6,16
9,77,4,3
8,37,5,10
11,258,2,1
12,142,1,0
10,105,3,1
9,77,4,4
8,37,5,11
11,259,2,0
10,105,3,2
9,77,4,5
12,143,1,1
7,21,6,19
11,260,2,0
12,144,1,0
9,78,4,1
10,106,3,0
11,261,2,0
9,78,4,2
7,22,6,1
9,78,4,3
12,145,1,1
10,106,3,2
8,38,5,6
12,146,1,0
9,78,4,5
10,106,3,3
7,22,6,3
8,38,5,7
10,107,3,0
8,38,5,8
11,264,2,0
12,147,1,1
7,22,6,5
8,38,5,9
12,148,1,0
10,107,3,1
9,79,4,3
11,264,2,1
7,22,6,6
8,38,5,10
11,265,2,0
9,79,4,4
8,38,5,11
9,79,4,5
12,149,1,1
7,22,6,8
11,266,2,0
12,150,1,0
9,80,4,1
7,22,6,9
10,108,3,1
9,80,4,2
8,39,5,3
7,22,6,10
11,267,2,1
10,108,3,2
12,151,1,1
9,80,4,3
8,39,5,5
7,22,6,11
12,152,1,0
9,80,4,4
11,268,2,1
8,39,5,6
9,80,4,5
7,22,6,12
8,39,5,7
11,269,2,0
10,109,3,1
12,153,1,0
7,22,6,13
8,39,5,8
11,269,2,1
8,39,5,10
7,22,6,15
12,154,1,1
8,39,5,11
10,110,3,0
9,81,4,5
12,155,1,0
7,22,6,16
11,272,2,1
7,22,6,17
10,110,3,2
12,156,1,1
8,40,5,3
7,22,6,18
11,273,2,1
12,157,1,0
8,40,5,5
7,22,6,19
9,82,4,5
8,40,5,6
11,274,2,1
10,111,3,1
8,40,5,7
11,275,2,0
12,158,1,1
11,275,2,1
12,159,1,0
8,40,5,9
8,40,5,10
9,83,4,3
8,40,5,11
9,83,4,4
12,160,1,1
10,112,3,2
12,161,1,0
11,278,2,1
9,84,4,1
10,113,3,0
12,162,1,1
11,279,2,0
9,84,4,2
12,163,1,0
10,113,3,1
11,279,2,1
9,84,4,3
8,41,5,6
10,113,3,2
9,84,4,4
7,23,6,10
12,164,1,1
8,41,5,7
9,84,4,5
7,23,6,11
12,165,1,0
8,41,5,8
7,23,6,12
10,114,3,0
11,282,2,1
12,166,1,1
11,283,2,0
10,114,3,1
8,41,5,11
12,167,1,0
7,23,6,15
12,168,1,0
8,42,5,3
7,23,6,17
10,115,3,1
12,169,1,1
11,286,2,1
8,42,5,5
10,115,3,2
12,170,1,0
9,86,4,5
7,23,6,19
8,42,5,7
8,42,5,8
12,171,1,1
8,42,5,9
10,116,3,1
11,288,2,1
12,172,1,0
9,87,4,3
11,289,2,0
8,42,5,11
9,87,4,4
11,289,2,1
12,173,1,1
10,117,3,0
12,174,1,0
9,88,4,1
9,88,4,2
10,117,3,2
12,175,1,1
11,292,2,1
8,43,5,6
12,176,1,0
9,88,4,5
11,293,2,1
8,43,5,8
10,118,3,1
7,24,6,11
8,43,5,9
12,177,1,1
11,294,2,1
12,178,1,0
9,89,4,3
7,24,6,12
11,295,2,0
8,43,5,11
7,24,6,13
10,119,3,0
11,295,2,1
12,179,1,1
7,24,6,14
12,180,1,0
10,119,3,2
8,44,5,3
7,24,6,15
8,44,5,5
12,181,1,1
10,120,3,0
9,90,4,4
11,298,2,1
8,44,5,6
12,182,1,0
10,120,3,1
11,299,2,0
7,24,6,18
11,299,2,1
10,120,3,2
7,24,6,19
12,183,1,1
8,44,5,10
12,184,1,0
8,44,5,11
9,91,4,3
10,121,3,0
9,91,4,4
10,121,3,1
9,91,4,5
11,302,2,1
12,185,1,1
9,92,4,0
11,303,2,0
9,92,4,1
12,186,1,0
10,122,3,0
9,92,4,2
8,45,5,6
10,122,3,1
8,45,5,7
12,187,1,1
10,122,3,2
8,45,5,8
12,188,1,0
8,45,5,9
9,93,4,0
11,306,2,1
8,45,5,10
9,93,4,1
10,123,3,1
12,189,1,1
8,45,5,11
11,307,2,1
12,190,1,0
8,46,5,0
7,25,6,10
11,308,2,1
7,25,6,11
11,309,2,0
12,191,1,1
10,124,3,0
7,25,6,12
8,46,5,3
12,192,1,0
8,46,5,4
10,124,3,1
8,46,5,5
7,25,6,14
12,193,1,1
7,25,6,15
12,194,1,0
7,25,6,16
11,312,2,1
12,195,1,0
11,313,2,0
10,125,3,1
7,25,6,17
9,95,4,3
11,313,2,1
10,125,3,2
7,25,6,18
9,95,4,4
12,196,1,1
7,25,6,19
9,95,4,5
12,197,1,0
9,96,4,1
10,126,3,1
11,316,2,1
9,96,4,2
12,198,1,1
8,47,5,5
11,317,2,0
9,96,4,3
12,199,1,0
8,47,5,6
10,127,3,0
9,96,4,5
8,47,5,8
12,200,1,1
10,127,3,2
12,201,1,0
8,47,5,10
7,26,6,8
9,97,4,3
11,320,2,1
7,26,6,9
12,202,1,1
9,97,4,5
11,321,2,0
10,128,3,1
12,203,1,0
11,321,2,1
8,48,5,3
8,48,5,5
10,129,3,0
12,204,1,1
9,98,4,4
8,48,5,6
9,98,4,5
8,48,5,7
12,205,1,0
10,129,3,2
7,26,6,16
11,324,2,1
8,48,5,10
11,325,2,0
10,130,3,0
9,99,4,3
8,48,5,11
10,130,3,1
12,206,1,1
9,99,4,4
10,130,3,2
12,207,1,0
9,99,4,5
10,131,3,0
9,100,4,2
11,328,2,1
10,131,3,1
12,208,1,1
11,329,2,0
8,49,5,6
12,209,1,0
8,49,5,7
8,49,5,8
10,132,3,0
8,49,5,9
10,132,3,1
12,210,1,1
8,49,5,10
10,132,3,2
9,101,4,3
12,211,1,0
7,27,6,10
9,101,4,4
8,49,5,11
11,332,2,1
9,101,4,5
7,27,6,11
10,133,3,0
11,333,2,0
7,27,6,12
10,133,3,1
9,102,4,1
12,212,1,1
9,102,4,2
9,102,4,3
12,213,1,0
7,27,6,14
8,50,5,5
9,102,4,5
8,50,5,6
7,27,6,16
10,134,3,2
12,214,1,1
8,50,5,8
11,336,2,1
10,134,3,3
12,215,1,0
11,337,2,0
8,50,5,10
9,103,4,5
7,27,6,19
10,135,3,1
12,216,1,1
10,135,3,2
7,28,6,1
12,217,1,0
10,135,3,3
8,51,5,3
11,340,2,0
7,28,6,3
9,104,4,5
8,51,5,5
11,340,2,1
11,341,2,0
12,218,1,1
8,51,5,7
7,28,6,5
10,136,3,2
12,219,1,0
11,342,2,0
9,105,4,3
10,136,3,3
8,51,5,10
9,105,4,4
12,220,1,1
8,51,5,11
7,28,6,8
10,137,3,1
12,221,1,0
7,28,6,9
10,137,3,2
11,344,2,0
9,106,4,1
7,28,6,10
10,137,3,3
9,106,4,2
12,222,1,1
11,345,2,0
9,106,4,3
12,223,1,0
7,28,6,12
10,138,3,1
8,52,5,6
9,106,4,5
7,28,6,13
12,224,1,1
8,52,5,8
10,138,3,3
11,347,2,1
12,225,1,0
7,28,6,15
11,348,2,0
7,28,6,16
11,348,2,1
8,52,5,11
7,28,6,17
12,226,1,1
10,139,3,2
9,107,4,5
12,227,1,0
7,28,6,19
8,53,5,3
10,140,3,1
11,351,2,1
12,228,1,1
8,53,5,5
12,229,1,0
9,108,4,5
8,53,5,7
10,140,3,3
11,353,2,1
12,230,1,1
11,354,2,0
12,231,1,0
11,354,2,1
8,53,5,10
10,141,3,2
9,109,4,3
8,53,5,11
9,109,4,4
12,232,1,1
12,233,1,0
10,142,3,1
7,29,6,10
11,357,2,1
9,110,4,1
10,142,3,2
12,234,1,1
11,358,2,0
9,110,4,2
7,29,6,12
12,235,1,0
11,358,2,1
8,54,5,6
12,236,1,1
9,110,4,5
8,54,5,8
12,237,1,0
10,143,3,2
10,143,3,3
7,29,6,17
11,361,2,1
8,54,5,11
12,238,1,1
11,362,2,0
9,111,4,3
7,29,6,19
12,239,1,0
10,144,3,2
8,55,5,3
12,240,1,1
12,241,1,0
10,145,3,1
8,55,5,5
8,55,5,6
10,145,3,2
11,365,2,1
10,145,3,3
9,112,4,4
12,242,1,1
11,366,2,0
12,243,1,0
11,367,2,0
8,55,5,11
10,146,3,2
12,244,1,1
12,245,1,0
10,146,3,3
9,113,4,3
7,30,6,11
11,369,2,1
9,113,4,4
7,30,6,12
10,147,3,1
12,246,1,1
11,370,2,0
9,113,4,5
12,247,1,0
10,147,3,2
11,370,2,1
10,147,3,3
8,56,5,6
9,114,4,2
12,248,1,1
8,56,5,7
12,249,1,0
8,56,5,8
10,148,3,1
7,30,6,17
8,56,5,9
11,373,2,1
7,30,6,18
8,56,5,10
12,250,1,1
10,148,3,3
7,30,6,19
12,251,1,0
11,375,2,1
9,115,4,3
11,376,2,0
9,115,4,4
10,149,3,2
12,252,1,1
11,376,2,1
12,253,1,0
8,57,5,5
9,116,4,1
8,57,5,6
9,116,4,2
12,254,1,1
10,150,3,1
8,57,5,8
12,255,1,0
11,379,2,1
10,150,3,3
11,380,2,0
11,380,2,1
12,256,1,1
12,257,1,0
7,31,6,10
10,151,3,2
8,58,5,3
12,258,1,0
7,31,6,11
8,58,5,5
11,383,2,1
7,31,6,12
10,152,3,1
11,384,2,0
12,259,1,1
10,152,3,2
12,260,1,0
7,31,6,14
9,118,4,5
7,31,6,16
12,261,1,1
12,262,1,0
10,153,3,2
11,387,2,1
9,119,4,3
12,263,1,1
10,153,3,3
7,31,6,19
9,119,4,4
12,264,1,0
10,154,3,1
8,59,5,6
11,389,2,1
7,32,6,1
9,120,4,1
10,154,3,2
12,265,1,1
11,390,2,0
9,120,4,2
8,59,5,8
12,266,1,0
11,390,2,1
10,154,3,3
9,120,4,3
7,32,6,3
8,59,5,11
12,267,1,1
10,155,3,1
9,120,4,5
7,32,6,5
12,268,1,0
11,393,2,1
8,60,5,3
12,269,1,1
11,394,2,0
12,270,1,0
7,32,6,8
11,394,2,1
8,60,5,5
7,32,6,9
10,156,3,2
8,60,5,7
7,32,6,10
12,271,1,1
12,272,1,0
7,32,6,12
11,397,2,1
10,157,3,1
12,273,1,0
9,122,4,5
8,60,5,11
11,398,2,0
7,32,6,13
10,157,3,3
12,274,1,1
12,275,1,0
7,32,6,15
9,123,4,3
9,123,4,4
10,158,3,2
12,276,1,1
7,32,6,17
8,61,5,6
12,277,1,0
11,401,2,1
9,124,4,1
9,124,4,2
11,402,2,0
8,61,5,8
7,32,6,19
10,159,3,1
11,402,2,1
12,278,1,1
10,159,3,2
12,279,1,0
9,124,4,5
8,61,5,11
12,280,1,0
9,125,4,3
11,405,2,1
8,62,5,3
12,281,1,1
10,160,3,2
11,406,2,0
12,282,1,0
8,62,5,5
10,160,3,3
8,62,5,6
10,161,3,0
12,283,1,1
10,161,3,1
12,284,1,0
9,126,4,4
8,62,5,11
11,409,2,1
10,161,3,3
11,410,2,0
12,285,1,1
12,286,1,0
10,162,3,1
7,33,6,13
9,127,4,3
10,162,3,2
9,127,4,4
12,287,1,1
9,127,4,5
12,288,1,0
9,128,4,0
8,63,5,6
11,413,2,1
10,163,3,1
9,128,4,1
8,63,5,7
11,414,2,0
7,33,6,18
12,289,1,1
9,128,4,2
8,63,5,8
12,290,1,0
9,128,4,3
8,63,5,9
8,63,5,10
9,128,4,5
12,291,1,1
12,292,1,0
8,64,5,1
10,164,3,2
9,129,4,1
8,64,5,2
11,417,2,1
8,64,5,3
11,418,2,0
12,293,1,1
8,64,5,4
12,294,1,0
10,165,3,1
8,64,5,5
8,64,5,7
12,295,1,1
9,130,4,2
12,296,1,0
11,421,2,1
11,422,2,0
8,64,5,11
10,166,3,2
12,297,1,1
7,34,6,12
12,298,1,0
12,299,1,0
7,34,6,14
9,131,4,3
10,167,3,1
9,131,4,4
8,65,5,5
10,167,3,2
12,300,1,1
11,425,2,1
8,65,5,6
12,301,1,0
11,426,2,0
9,132,4,1
7,34,6,18
8,65,5,8
9,132,4,2
12,302,1,1
7,34,6,19
12,303,1,0
10,168,3,2
9,132,4,5
10,168,3,3
12,304,1,1
11,429,2,1
12,305,1,0
10,169,3,0
11,430,2,0
8,66,5,3
10,169,3,1
12,306,1,0
8,66,5,5
8,66,5,6
12,307,1,1
12,308,1,0
10,170,3,0
11,433,2,1
10,170,3,1
11,434,2,0
8,66,5,11
12,309,1,1
10,170,3,2
7,35,6,10
12,310,1,0
11,434,2,1
7,35,6,11
10,171,3,0
9,135,4,3
10,171,3,1
12,311,1,1
7,35,6,14
9,135,4,4
12,312,1,0
8,67,5,6
7,35,6,15
11,437,2,1
8,67,5,7
11,438,2,0
7,35,6,16
10,172,3,0
8,67,5,8
9,136,4,1
12,313,1,1
9,136,4,2
12,314,1,0
10,172,3,2
7,35,6,19
9,136,4,5
10,173,3,0
12,315,1,1
10,173,3,1
12,316,1,0
11,441,2,1
8,68,5,3
7,36,6,3
12,317,1,0
8,68,5,5
7,36,6,5
11,443,2,1
11,444,2,0
10,174,3,2
8,68,5,8
12,318,1,1
12,319,1,0
7,36,6,8
8,68,5,11
10,175,3,1
7,36,6,9
10,175,3,2
12,320,1,1
11,447,2,1
10,175,3,3
11,448,2,0
12,321,1,0
9,139,4,3
7,36,6,12
11,448,2,1
9,139,4,4
12,321,1,1
10,176,3,2
8,69,5,6
9,140,4,1
12,322,1,1
10,176,3,3
9,140,4,2
7,36,6,16
12,323,1,0
11,451,2,1
8,69,5,8
10,177,3,1
8,69,5,9
11,452,2,0
10,177,3,2
7,36,6,19
12,324,1,1
12,325,1,0
9,141,4,3
10,178,3,1
8,70,5,3
12,326,1,1
11,455,2,1
10,178,3,3
12,327,1,0
8,70,5,5
11,456,2,0
8,70,5,6
11,456,2,1
12,328,1,1
9,142,4,4
10,179,3,2
12,329,1,0
8,70,5,10
11,459,2,1
12,330,1,1
10,180,3,1
11,460,2,0
7,37,6,10
12,331,1,0
9,143,4,3
7,37,6,11
9,143,4,4
10,180,3,3
9,143,4,5
12,332,1,1
12,333,1,0
8,71,5,6
11,463,2,1
10,181,3,2
8,71,5,7
12,334,1,1
11,464,2,0
8,71,5,8
12,335,1,0
8,71,5,9
7,37,6,17
8,71,5,10
10,182,3,1
8,71,5,11
12,336,1,1
10,182,3,2
7,37,6,19
12,337,1,0
11,467,2,1
11,468,2,0
12,338,1,1
12,339,1,0
10,183,3,2
12,340,1,0
10,183,3,3
10,184,3,0
12,341,1,1
10,184,3,1
12,342,1,0
11,471,2,1
12,343,1,1
12,344,1,0
11,473,2,1
10,185,3,2
11,474,2,0
7,38,6,11
12,345,1,1
12,346,1,0
7,38,6,13
10,186,3,1
7,38,6,14
12,347,1,0
10,186,3,2
10,186,3,3
12,348,1,1
11,477,2,1
12,349,1,0
11,478,2,0
7,38,6,18
10,187,3,2
12,350,1,1
7,38,6,19
10,187,3,3
12,351,1,0
10,188,3,1
12,352,1,1
10,188,3,2
11,481,2,1
12,353,1,0
11,482,2,0
12,354,1,1
10,189,3,1
12,355,1,0
10,189,3,3
12,356,1,1
11,485,2,1
12,357,1,0
11,486,2,0
7,39,6,10
10,190,3,2
12,358,1,0
11,486,2,1
7,39,6,11
7,39,6,12
12,359,1,1
10,191,3,1
12,360,1,0
7,39,6,14
11,489,2,1
10,191,3,3
12,361,1,1
7,39,6,15
11,490,2,0
12,362,1,0
7,39,6,16
12,362,1,1
7,39,6,17
10,192,3,2
12,363,1,1
12,364,1,0
7,39,6,18
7,39,6,19
11,493,2,1
10,193,3,1
11,494,2,0
12,365,1,1
10,193,3,2
12,366,1,0
12,367,1,1
10,194,3,2
12,368,1,0
10,194,3,3
12,368,1,1
11,497,2,1
11,498,2,0
12,369,1,1
10,195,3,1
12,370,1,0
10,195,3,2
12,371,1,1
10,196,3,1
12,372,1,0
12,372,1,1
11,501,2,1
10,196,3,3
11,502,2,0
12,373,1,1
11,502,2,1
12,374,1,0
10,197,3,2
12,375,1,1
10,198,3,1
12,376,1,0
10,198,3,3
11,505,2,1
11,506,2,0
12,377,1,1
10,199,3,2
12,378,1,0
10,200,3,1
12,379,1,1
10,200,3,2
12,380,1,0
11,509,2,1
11,510,2,0
12,381,1,1
10,201,3,2
12,382,1,0
10,201,3,3
10,202,3,0
10,202,3,1
12,383,1,1
12,384,1,0
11,513,2,1
10,202,3,3
11,514,2,0
12,385,1,1
10,203,3,1
12,386,1,0
10,203,3,2
12,387,1,1
10,204,3,1
12,388,1,0
11,517,2,1
11,518,2,0
12,389,1,1
10,205,3,2
12,390,1,0
10,206,3,1
12,391,1,1
12,392,1,0
11,521,2,1
11,522,2,0
12,393,1,1
12,394,1,0
10,207,3,2
12,395,1,1
10,208,3,1
12,396,1,0
10,208,3,2
11,525,2,1
11,526,2,0
12,397,1,1
12,398,1,0
10,209,3,2
10,209,3,3
12,399,1,1
10,210,3,1
12,400,1,0
11,529,2,1
11,530,2,0
12,401,1,1
12,402,1,0
10,211,3,2
12,403,1,1
10,212,3,1
12,404,1,0
10,212,3,2
11,533,2,1
12,405,1,1
12,406,1,0
10,213,3,2
10,213,3,3
12,407,1,1
10,214,3,0
12,408,1,0
10,214,3,1
12,409,1,1
12,410,1,0
10,215,3,1
12,411,1,0
10,215,3,2
12,412,1,1
10,216,3,1
12,413,1,0
12,414,1,1
12,415,1,0
10,217,3,2
12,416,1,1
10,218,3,1
12,417,1,0
10,218,3,3
12,418,1,1
12,419,1,0
10,219,3,2
12,420,1,1
12,421,1,0
10,220,3,1
10,220,3,2
12,422,1,1
12,423,1,0
12,424,1,1
10,221,3,2
12,425,1,0
10,221,3,3
12,426,1,0
10,222,3,1
10,222,3,2
12,427,1,1
12,428,1,0
10,223,3,1
12,429,1,1
12,430,1,0
10,224,3,2
12,431,1,1
10,225,3,1
12,432,1,0
10,225,3,3
12,433,1,1
12,434,1,0
10,226,3,2
10,227,3,1
12,435,1,1
10,227,3,2
12,436,1,0
12,437,1,0
10,228,3,2
10,228,3,3
10,229,3,0
12,438,1,1
10,229,3,1
12,439,1,0
10,229,3,3
10,230,3,1
12,440,1,1
10,230,3,2
12,441,1,0
10,231,3,1
12,442,1,1
12,443,1,0
10,232,3,2
12,444,1,1
12,445,1,0
10,233,3,1
12,446,1,1
12,447,1,0
10,234,3,2
12,448,1,1
12,449,1,0
10,235,3,1
10,235,3,2
12,450,1,1
12,451,1,0
10,236,3,2
12,452,1,0
10,236,3,3
10,237,3,1
12,453,1,1
10,237,3,2
12,454,1,0
10,238,3,1
12,455,1,1
12,456,1,0
12,457,1,1
10,239,3,2
12,458,1,0
12,459,1,0
10,240,3,1
12,460,1,1
12,461,1,0
10,241,3,2
12,462,1,0
10,242,3,1
10,242,3,2
12,463,1,1
12,464,1,0
10,243,3,2
12,465,1,1
10,243,3,3
12,466,1,0
10,244,3,0
10,244,3,1
12,467,1,1
10,244,3,3
12,468,1,0
10,245,3,1
12,469,1,0
10,245,3,2
12,470,1,1
12,471,1,0
10,246,3,1
12,472,1,1
12,473,1,0
10,247,3,2
12,474,1,1
10,248,3,1
12,475,1,0
12,476,1,1
12,477,1,0
10,249,3,2
12,478,1,1
10,250,3,1
12,479,1,0
10,250,3,2
12,480,1,1
12,481,1,0
10,251,3,2
10,251,3,3
12,482,1,1
10,252,3,0
12,483,1,0
10,252,3,1
12,484,1,1
10,252,3,3
12,485,1,0
10,253,3,1
10,253,3,2
12,486,1,1
12,487,1,0
10,254,3,1
12,488,1,0
12,489,1,1
12,490,1,0
10,255,3,2
12,491,1,1
10,256,3,1
12,492,1,0
12,493,1,1
12,494,1,0
10,257,3,2
12,495,1,0
10,258,3,1
12,496,1,1
10,258,3,2
12,497,1,0
12,498,1,0
10,259,3,2
10,259,3,3
12,499,1,1
10,260,3,0
12,500,1,0
10,260,3,1
12,501,1,1
12,502,1,0
10,261,3,1
10,261,3,2
12,503,1,1
12,504,1,0
10,262,3,1
12,505,1,0
12,506,1,1
12,507,1,0
10,263,3,2
12,508,1,1
12,509,1,0
10,264,3,1
12,510,1,1
12,511,1,1
12,512,1,0
10,265,3,2
12,513,1,1
12,514,1,0
10,266,3,1
10,266,3,2
12,515,1,1
12,516,1,0
10,267,3,2
12,517,1,1
10,267,3,3
12,518,1,1
12,519,1,0
12,520,1,1
12,521,1,1
12,522,1,0
12,523,1,1
12,524,1,0
12,525,1,1
12,526,1,0
12,527,1,1
12,528,1,1
12,529,1,0
12,530,1,1
12,531,1,0
12,532,1,1
12,533,1,0
12,534,1,1
12,535,1,0
12,536,1,1
12,537,1,0
12,538,1,1
12,539,1,0
12,540,1,1
12,541,1,0
12,542,1,1
12,543,1,0
12,544,1,1
12,545,1,0
12,546,1,1
12,547,1,1
12,548,1,0
12,549,1,1
12,550,1,0
12,551,1,1
12,552,1,0
12,553,1,1
12,554,1,1
12,555,1,0
12,556,1,1
12,557,1,1
12,558,1,0
12,559,1,1
12,560,1,0
12,561,1,1
12,562,1,0
12,563,1,1
12,564,1,1
12,565,1,0
12,566,1,1
12,567,1,0
12,568,1,1
12,569,1,0
12,570,1,1
12,571,1,0
12,572,1,1
12,573,1,0
12,574,1,1
12,575,1,0
12,576,1,1
12,577,1,0
12,578,1,1
12,579,1,1
12,580,1,0
12,581,1,1
12,582,1,0
12,583,1,1
12,584,1,0
12,585,1,1
12,586,1,0
12,587,1,1
12,588,1,0
12,589,1,1
12,590,1,1
12,591,1,0
12,592,1,1
12,593,1,0
12,594,1,1
12,595,1,0
12,596,1,1
12,597,1,0
12,598,1,1
12,599,1,0
12,600,1,1
12,601,1,0
12,602,1,1
12,603,1,0
12,604,1,1
12,605,1,1
12,606,1,0
12,607,1,1
12,608,1,0
12,609,1,1
12,610,1,0
12,611,1,1
12,612,1,0
12,613,1,1
12,614,1,0
12,615,1,1
12,616,1,0
12,617,1,1
12,618,1,0
12,619,1,1
12,620,1,0
12,621,1,1
12,622,1,0
12,623,1,1
12,624,1,0
12,625,1,1
12,626,1,0
12,627,1,1
12,628,1,0
12,629,1,1
12,630,1,0
12,631,1,1
12,632,1,0
12,633,1,1
12,634,1,0
12,635,1,1
12,636,1,0
12,637,1,1
12,638,1,0
12,639,1,1
12,640,1,0
12,641,1,1
12,642,1,0
12,643,1,0
12,643,1,1
12,644,1,0
12,645,1,1
12,646,1,0
12,647,1,0
12,647,1,1
12,648,1,0
12,649,1,1
12,650,1,0
12,651,1,1
12,652,1,0
12,653,1,0
12,653,1,1
12,654,1,0
12,655,1,1
12,656,1,0
12,657,1,1
12,658,1,1
12,659,1,0
12,660,1,1
12,661,1,0
12,662,1,1
12,663,1,0
12,664,1,1
12,665,1,0
12,666,1,1
12,667,1,0
12,668,1,1
12,669,1,1
12,670,1,0
12,671,1,1
12,672,1,0
12,673,1,1
12,674,1,0
12,675,1,1
12,676,1,1
12,677,1,0
12,678,1,1
12,679,1,0
12,680,1,1
12,681,1,0
12,682,1,1
12,683,1,0
12,684,1,1
12,685,1,0
12,686,1,1
12,687,1,0
12,688,1,1
12,689,1,0
12,690,1,1
12,691,1,0
12,692,1,1
12,693,1,0
12,694,1,0
12,694,1,1
12,695,1,0
12,696,1,1
12,697,1,0
12,698,1,1
12,699,1,1
12,700,1,0
12,701,1,1
12,702,1,0
12,703,1,1
12,704,1,0
12,705,1,1
12,706,1,0
12,707,1,1
12,708,1,0
12,709,1,1
12,710,1,1
12,711,1,0
12,712,1,1
12,713,1,0
12,714,1,1
12,715,1,0
12,716,1,1
12,717,1,1
12,718,1,0
12,719,1,1
12,720,1,0
12,721,1,1
12,722,1,0
12,723,1,1
12,724,1,0
12,725,1,1
12,726,1,0
12,727,1,1
12,728,1,0
12,729,1,1
12,730,1,0
12,731,1,1
12,732,1,0
12,733,1,1
12,734,1,0
12,735,1,1
12,736,1,1
12,737,1,0
12,738,1,1
12,739,1,0
12,740,1,1
12,741,1,0
12,742,1,1
12,743,1,1
12,744,1,0
12,745,1,1
12,746,1,0
12,747,1,1
12,748,1,0
12,749,1,1
12,750,1,0
12,751,1,1
12,752,1,0
12,753,1,1
12,754,1,0
12,755,1,1
12,756,1,0
12,757,1,1
12,758,1,1
12,759,1,0
12,760,1,1
12,761,1,0
12,762,1,1
12,763,1,0
12,764,1,1
12,765,1,0
12,766,1,1
12,767,1,0
12,768,1,1
12,769,1,0
12,770,1,1
12,771,1,0
12,772,1,1
12,773,1,0
12,774,1,1
12,775,1,0
12,776,1,1
12,777,1,0
12,778,1,1
12,779,1,0
12,780,1,1
12,781,1,0
12,782,1,1
12,783,1,0
12,784,1,1
12,785,1,0
12,786,1,1
12,787,1,0
12,788,1,1
12,789,1,0
12,790,1,1
12,791,1,0
12,792,1,1
12,793,1,0
12,794,1,1
12,795,1,0
12,796,1,1
12,797,1,0
12,798,1,1
12,799,1,0
12,800,1,1
12,801,1,0
12,802,1,1
12,803,1,0
12,804,1,1
12,805,1,0
12,806,1,1
12,807,1,0
12,808,1,1
12,809,1,0
12,810,1,1
12,811,1,0
12,812,1,1
12,813,1,0
12,814,1,1
12,815,1,0
12,816,1,1
12,817,1,0
12,818,1,1
12,819,1,0
12,820,1,1
12,821,1,1
12,822,1,0
12,823,1,1
12,824,1,0
12,825,1,1
12,826,1,0
12,827,1,1
12,828,1,0
12,829,1,1
12,830,1,0
12,831,1,1
12,832,1,0
12,833,1,1
12,834,1,0
12,835,1,1
12,836,1,0
12,837,1,1
12,838,1,0
12,839,1,1
12,840,1,0
12,841,1,1
12,842,1,0
12,843,1,1
12,844,1,0
12,845,1,1
12,846,1,0
12,847,1,1
12,848,1,1
12,849,1,0
12,850,1,1
12,851,1,0
12,852,1,1
12,853,1,0
12,854,1,1
12,855,1,0
12,856,1,1
12,857,1,0
12,858,1,1
12,859,1,0
12,860,1,1
12,861,1,0
12,862,1,1
12,863,1,1
12,864,1,0
12,865,1,1
12,866,1,0
12,867,1,1
12,868,1,0
12,869,1,1
12,870,1,0
12,871,1,1
12,872,1,0
12,873,1,1
12,874,1,0
12,875,1,1
12,876,1,0
12,877,1,1
12,878,1,0
12,879,1,1
12,880,1,0
12,881,1,1
12,882,1,0
12,883,1,1
12,884,1,0
12,885,1,1
12,886,1,0
12,887,1,1
12,888,1,0
12,889,1,1
12,890,1,0
12,891,1,1
12,892,1,0
12,893,1,1
12,894,1,0
12,895,1,1
12,896,1,0
12,897,1,1
12,898,1,0
12,899,1,1
12,900,1,0
12,901,1,1
12,902,1,0
12,903,1,1
12,904,1,0
12,905,1,1
12,906,1,0
12,907,1,1
12,908,1,0
12,909,1,1
12,910,1,0
12,911,1,1
12,912,1,0
12,913,1,1
12,914,1,0
12,915,1,1
12,916,1,0
12,917,1,1
12,918,1,0
12,919,1,1
12,920,1,0
12,921,1,1
12,922,1,1
12,923,1,0
12,924,1,1
12,925,1,0
12,926,1,1
12,927,1,0
12,928,1,1
12,929,1,0
12,930,1,1
12,931,1,0
12,932,1,1
12,933,1,0
12,934,1,1
12,935,1,0
12,936,1,1
12,937,1,0
12,938,1,1
12,939,1,0
12,940,1,1
12,941,1,0
12,942,1,1
12,943,1,0
12,944,1,1
12,945,1,0
12,946,1,1
12,947,1,0
12,948,1,1
12,949,1,0
12,950,1,1
12,951,1,0
12,952,1,1
12,953,1,1
12,954,1,0
12,955,1,1
12,956,1,0
12,957,1,1
12,958,1,0
12,959,1,1
12,960,1,0
12,961,1,1
12,962,1,0
12,963,1,1
12,964,1,0
12,965,1,1
12,966,1,0
12,967,1,1
12,968,1,0
12,969,1,1
12,970,1,0
12,971,1,1
12,972,1,0
12,973,1,1
12,974,1,0
12,975,1,1
12,976,1,0
12,977,1,1
12,978,1,0
12,979,1,1
12,980,1,0
12,981,1,1
12,982,1,0
12,983,1,1
12,984,1,0
12,985,1,1
12,986,1,0
12,987,1,1
12,988,1,0
12,989,1,1
12,990,1,0
12,991,1,1
12,992,1,0
12,993,1,1
12,994,1,0
12,995,1,1
12,996,1,0
12,997,1,1
12,998,1,0
12,999,1,1
12,1000,1,0
12,1001,1,1
12,1002,1,0
12,1003,1,1
12,1004,1,0
12,1005,1,1
12,1006,1,0
12,1007,1,1
12,1008,1,0
12,1009,1,1
12,1010,1,0
12,1011,1,1
12,1012,1,0
12,1013,1,1
12,1014,1,0
12,1015,1,1
