6,0,3,0
7,0,2,0
6,0,3,1
5,0,4,0
8,0,1,0
6,1,3,1
5,0,4,1
6,1,3,2
5,0,4,2
6,2,3,1
8,1,1,1
6,3,3,0
6,3,3,2
8,2,1,0
5,1,4,0
6,4,3,1
5,1,4,1
6,5,3,0
7,3,2,1
6,5,3,2
8,3,1,1
5,2,4,0
7,4,2,0
5,2,4,2
6,6,3,1
8,4,1,0
6,6,3,2
5,3,4,0
6,7,3,0
6,7,3,1
5,3,4,2
5,3,4,3
5,3,4,4
8,5,1,1
6,8,3,0
5,4,4,0
6,8,3,1
8,6,1,0
5,4,4,1
6,8,3,2
5,4,4,2
7,7,2,0
6,9,3,0
6,9,3,1
8,7,1,1
7,7,2,1
5,5,4,0
7,8,2,0
6,10,3,2
6,10,3,3
8,8,1,0
5,5,4,1
6,11,3,1
5,5,4,2
6,11,3,2
6,11,3,3
5,5,4,4
8,9,1,1
6,12,3,2
5,6,4,1
6,12,3,3
8,10,1,0
5,6,4,3
6,13,3,1
5,6,4,4
6,13,3,2
5,6,4,5
7,11,2,0
6,14,3,1
5,7,4,3
6,14,3,3
5,7,4,4
7,11,2,1
5,7,4,5
8,11,1,1
6,15,3,2
5,8,4,1
7,12,2,0
5,8,4,2
8,12,1,0
6,16,3,1
5,8,4,3
6,16,3,3
5,8,4,5
6,17,3,2
8,13,1,1
5,9,4,3
6,18,3,1
8,14,1,0
6,18,3,2
7,14,2,0
5,9,4,5
8,15,1,0
6,19,3,2
6,19,3,3
5,10,4,4
5,10,4,5
8,16,1,1
5,11,4,3
5,11,4,4
8,17,1,0
5,11,4,5
7,17,2,0
8,18,1,1
7,17,2,1
8,19,1,0
7,18,2,0
8,20,1,1
7,19,2,0
8,21,1,0
8,22,1,0
7,20,2,1
8,23,1,1
7,21,2,1
8,24,1,0
7,22,2,0
7,22,2,1
8,25,1,1
8,26,1,0
8,27,1,1
8,28,1,0
7,25,2,1
8,29,1,1
8,30,1,0
7,27,2,1
8,31,1,1
7,28,2,0
8,32,1,0
7,28,2,1
8,33,1,0
8,34,1,1
8,35,1,0
7,31,2,1
8,36,1,1
7,32,2,0
8,37,1,0
7,32,2,1
8,38,1,1
8,39,1,1
8,40,1,0
7,35,2,1
8,41,1,1
7,36,2,0
8,42,1,0
8,43,1,1
8,44,1,0
8,45,1,1
8,46,1,0
7,39,2,1
8,47,1,1
8,48,1,0
8,49,1,1
8,50,1,1
8,51,1,0
8,52,1,1
8,53,1,0
8,54,1,1
8,55,1,0
8,56,1,1
8,57,1,1
8,58,1,0
8,59,1,1
8,60,1,0
8,61,1,1
8,62,1,0
8,63,1,1
8,64,1,0
8,65,1,1
8,66,1,0
8,67,1,1
8,68,1,0
8,69,1,1
8,70,1,0
8,71,1,1
