7,0,1,0
6,0,2,0
5,0,3,0
4,0,4,0
4,0,4,1
4,0,4,2
4,0,4,3
7,1,1,1
5,0,3,1
7,2,1,0
4,0,4,4
4,0,4,5
7,3,1,1
4,1,4,0
7,4,1,0
5,1,3,0
4,1,4,1
4,1,4,2
4,1,4,3
6,3,2,0
4,1,4,4
4,1,4,5
5,1,3,1
4,2,4,0
6,3,2,1
5,1,3,2
7,5,1,1
7,6,1,0
4,2,4,2
4,2,4,3
4,2,4,4
4,2,4,5
7,7,1,0
6,4,2,0
7,7,1,1
7,8,1,0
5,2,3,0
7,9,1,1
6,5,2,0
7,10,1,0
4,3,4,3
4,3,4,4
4,3,4,5
7,11,1,0
5,2,3,1
7,11,1,1
7,12,1,0
7,13,1,1
7,14,1,0
5,3,3,0
6,7,2,0
4,4,4,4
4,4,4,5
7,15,1,1
5,3,3,2
7,16,1,0
6,8,2,0
7,17,1,0
5,4,3,0
7,17,1,1
7,18,1,0
5,4,3,1
4,5,4,3
7,19,1,0
6,9,2,0
7,19,1,1
4,5,4,4
7,20,1,0
7,20,1,1
4,5,4,5
5,5,3,0
7,21,1,1
7,22,1,0
5,5,3,1
7,22,1,1
6,10,2,1
7,23,1,1
5,5,3,2
7,24,1,0
7,25,1,1
6,11,2,1
7,26,1,0
5,6,3,1
7,27,1,1
5,6,3,2
7,28,1,0
6,12,2,1
7,28,1,1
5,6,3,3
7,29,1,1
7,30,1,0
7,31,1,1
7,32,1,0
5,7,3,2
7,32,1,1
7,33,1,1
5,7,3,3
6,14,2,1
7,34,1,0
5,8,3,1
7,35,1,1
7,36,1,0
6,15,2,1
5,8,3,3
7,37,1,1
7,38,1,0
6,16,2,0
7,39,1,1
6,16,2,1
5,9,3,2
5,9,3,3
5,10,3,1
5,10,3,2
5,10,3,3
6,19,2,1
5,11,3,2
5,11,3,3
