8,0,2,0
5,0,5,0
5,0,5,1
5,0,5,2
5,0,5,3
5,0,5,4
5,0,5,5
5,0,5,6
9,0,1,0
7,0,3,0
5,0,5,7
5,0,5,8
5,0,5,9
5,0,5,10
5,0,5,11
6,0,4,0
7,0,3,1
6,0,4,1
5,1,5,0
6,0,4,2
5,1,5,1
5,1,5,2
5,1,5,3
5,1,5,4
5,1,5,5
5,1,5,6
5,1,5,7
5,1,5,8
5,1,5,9
5,1,5,10
5,1,5,11
9,1,1,1
5,2,5,0
6,1,4,0
9,2,1,0
5,2,5,2
5,2,5,3
5,2,5,4
5,2,5,5
5,2,5,6
5,2,5,7
5,2,5,8
5,2,5,9
5,2,5,10
8,3,2,1
5,2,5,11
6,1,4,1
7,1,3,1
5,3,5,0
8,4,2,0
9,3,1,1
7,1,3,2
5,3,5,2
5,3,5,3
5,3,5,4
5,3,5,5
5,3,5,6
5,3,5,7
5,3,5,8
5,3,5,9
6,2,4,0
5,3,5,10
5,3,5,11
9,4,1,0
5,4,5,0
6,2,4,2
7,2,3,1
5,4,5,3
5,4,5,4
5,4,5,5
9,5,1,1
6,3,4,0
5,4,5,6
5,4,5,7
5,4,5,8
5,4,5,9
5,4,5,10
5,4,5,11
9,6,1,0
5,5,5,0
8,7,2,0
6,3,4,3
7,3,3,0
5,5,5,1
6,3,4,4
5,5,5,2
8,7,2,1
6,4,4,0
9,7,1,1
5,5,5,4
6,4,4,1
8,8,2,0
5,5,5,5
5,5,5,6
5,5,5,7
5,5,5,8
5,5,5,9
5,5,5,10
7,3,3,2
9,8,1,0
5,5,5,11
6,4,4,2
5,6,5,1
5,6,5,3
6,5,4,0
9,9,1,1
6,5,4,1
7,4,3,1
5,6,5,5
9,10,1,0
5,6,5,6
5,6,5,7
5,6,5,8
5,6,5,9
5,6,5,10
5,6,5,11
6,6,4,1
8,11,2,0
9,11,1,1
7,5,3,0
9,12,1,0
8,11,2,1
5,7,5,6
6,7,4,0
8,12,2,0
5,7,5,7
5,7,5,8
5,7,5,9
5,7,5,10
5,7,5,11
7,5,3,2
6,7,4,1
9,13,1,1
5,8,5,1
6,7,4,2
9,14,1,0
5,8,5,3
7,6,3,1
5,8,5,5
6,8,4,0
9,15,1,0
6,8,4,1
7,6,3,2
6,8,4,2
9,15,1,1
5,8,5,7
5,8,5,8
5,8,5,9
5,8,5,10
5,8,5,11
9,16,1,0
8,15,2,0
6,9,4,0
7,7,3,0
6,9,4,2
9,17,1,1
7,7,3,2
5,9,5,6
9,18,1,0
7,7,3,3
5,9,5,8
6,10,4,3
5,9,5,9
5,9,5,10
5,9,5,11
7,8,3,0
6,10,4,5
9,19,1,1
7,8,3,1
5,10,5,3
9,20,1,0
6,11,4,3
8,18,2,0
5,10,5,5
6,11,4,4
5,10,5,6
6,11,4,5
8,18,2,1
9,21,1,1
8,19,2,0
9,22,1,0
7,9,3,0
5,10,5,10
5,10,5,11
6,12,4,3
6,12,4,4
7,9,3,1
9,23,1,0
6,12,4,5
8,20,2,0
7,9,3,2
9,23,1,1
9,24,1,0
5,11,5,6
6,13,4,4
5,11,5,7
7,10,3,0
5,11,5,8
5,11,5,9
7,10,3,1
8,22,2,0
5,11,5,10
9,25,1,1
5,11,5,11
6,14,4,4
9,26,1,0
6,14,4,5
8,23,2,0
7,11,3,0
6,15,4,3
6,15,4,4
6,15,4,5
9,27,1,1
6,16,4,1
7,11,3,2
6,16,4,2
9,28,1,0
6,16,4,5
7,12,3,0
6,17,4,3
9,29,1,1
8,25,2,1
6,17,4,5
7,12,3,1
9,30,1,0
8,26,2,0
6,18,4,4
6,18,4,5
9,31,1,1
6,19,4,3
6,19,4,4
9,32,1,0
6,19,4,5
7,13,3,2
8,29,2,0
9,33,1,1
7,14,3,0
9,34,1,0
8,29,2,1
7,14,3,1
8,30,2,0
9,35,1,1
9,36,1,0
8,31,2,0
7,15,3,0
9,37,1,0
7,15,3,1
9,37,1,1
8,32,2,0
7,15,3,2
9,38,1,0
8,33,2,0
9,39,1,1
7,16,3,0
9,40,1,0
8,34,2,0
7,16,3,1
9,41,1,0
9,41,1,1
8,35,2,0
9,42,1,0
7,17,3,0
8,36,2,1
7,17,3,1
9,43,1,1
7,17,3,2
8,37,2,1
9,44,1,0
7,18,3,0
8,38,2,1
7,18,3,1
9,45,1,1
9,46,1,0
8,39,2,1
9,47,1,0
7,19,3,0
9,47,1,1
8,40,2,1
7,19,3,1
9,48,1,0
7,19,3,2
8,41,2,1
9,49,1,1
8,42,2,0
9,50,1,0
7,20,3,1
8,42,2,1
7,20,3,2
9,51,1,1
9,52,1,0
7,20,3,3
9,53,1,1
7,21,3,2
9,54,1,0
8,45,2,1
7,21,3,3
8,46,2,0
9,55,1,1
7,22,3,1
9,56,1,0
7,22,3,2
7,22,3,3
9,57,1,1
8,48,2,1
9,58,1,0
7,23,3,2
8,49,2,1
9,59,1,0
7,23,3,3
9,59,1,1
9,60,1,0
7,24,3,1
7,24,3,2
9,61,1,1
8,51,2,1
9,62,1,0
7,24,3,3
9,63,1,0
8,52,2,1
9,63,1,1
8,53,2,0
9,64,1,0
7,25,3,2
8,53,2,1
7,25,3,3
9,65,1,0
9,65,1,1
9,66,1,0
7,26,3,1
9,67,1,1
9,68,1,0
8,56,2,1
9,69,1,0
9,69,1,1
7,27,3,2
9,70,1,0
7,27,3,3
9,71,1,0
9,71,1,1
7,28,3,1
8,59,2,1
9,72,1,0
9,72,1,1
8,60,2,0
7,28,3,3
8,60,2,1
9,73,1,1
9,74,1,0
9,74,1,1
7,29,3,2
9,75,1,1
7,29,3,3
9,76,1,0
7,30,3,1
8,63,2,1
7,30,3,2
9,77,1,1
8,64,2,0
7,30,3,3
9,78,1,0
8,64,2,1
9,78,1,1
9,79,1,1
7,31,3,2
9,80,1,0
7,31,3,3
9,80,1,1
7,32,3,0
9,81,1,1
7,32,3,1
9,82,1,0
8,67,2,1
8,68,2,0
7,32,3,3
9,83,1,1
9,84,1,0
9,84,1,1
7,33,3,1
7,33,3,2
9,85,1,1
9,86,1,0
7,34,3,1
9,87,1,1
8,71,2,1
9,88,1,0
7,34,3,3
9,89,1,1
9,90,1,0
7,35,3,2
9,91,1,1
7,36,3,1
9,92,1,0
7,36,3,3
9,93,1,1
9,94,1,0
7,37,3,2
9,95,1,1
7,38,3,1
9,96,1,0
7,38,3,2
9,96,1,1
9,97,1,1
7,39,3,2
9,98,1,0
7,39,3,3
9,99,1,1
9,100,1,0
9,101,1,1
9,102,1,0
9,102,1,1
9,103,1,1
9,104,1,0
9,105,1,1
9,106,1,0
9,106,1,1
9,107,1,1
9,108,1,0
9,109,1,1
9,110,1,0
9,111,1,1
9,112,1,0
9,113,1,1
9,114,1,0
9,115,1,1
9,116,1,0
9,117,1,1
9,118,1,0
9,119,1,1
9,120,1,0
9,120,1,1
9,121,1,1
9,122,1,0
9,123,1,1
9,124,1,0
9,125,1,1
9,126,1,0
9,127,1,1
9,128,1,0
9,128,1,1
9,129,1,1
9,130,1,0
9,131,1,1
9,132,1,0
9,133,1,1
9,134,1,0
9,135,1,1
9,136,1,0
9,137,1,1
9,138,1,0
9,139,1,1
9,140,1,0
9,141,1,1
9,142,1,0
9,143,1,1
