10,0,4,0
7,0,7,0
7,0,7,1
7,0,7,2
7,0,7,3
7,0,7,4
7,0,7,5
7,0,7,6
7,0,7,7
7,0,7,8
7,0,7,9
7,0,7,10
7,0,7,11
10,0,4,1
12,0,2,0
8,0,6,0
10,0,4,2
11,0,3,0
7,0,7,12
7,0,7,13
7,0,7,14
7,0,7,15
7,0,7,16
7,0,7,17
7,0,7,18
7,0,7,19
7,0,7,20
7,0,7,21
7,0,7,22
7,0,7,23
7,0,7,24
7,0,7,25
7,0,7,26
13,0,1,0
8,0,6,1
9,0,5,0
7,0,7,27
7,0,7,28
7,0,7,29
7,0,7,30
7,0,7,31
7,0,7,32
7,0,7,33
7,0,7,34
7,0,7,35
7,0,7,36
7,0,7,37
7,0,7,38
7,0,7,39
9,0,5,1
8,0,6,2
11,0,3,1
10,1,4,1
9,0,5,2
7,1,7,0
12,3,2,1
8,0,6,3
9,0,5,3
7,1,7,1
7,1,7,2
7,1,7,3
7,1,7,4
12,4,2,0
13,1,1,1
9,0,5,4
7,1,7,5
10,2,4,2
7,1,7,6
7,1,7,7
7,1,7,8
7,1,7,9
7,1,7,10
7,1,7,11
7,1,7,12
7,1,7,13
7,1,7,14
7,1,7,15
8,0,6,4
13,2,1,0
7,1,7,16
7,1,7,17
7,1,7,18
7,1,7,19
7,1,7,20
7,1,7,21
7,1,7,22
7,1,7,23
7,1,7,24
7,1,7,25
7,1,7,26
7,1,7,27
7,1,7,28
7,1,7,29
7,1,7,30
7,1,7,31
7,1,7,32
7,1,7,33
7,1,7,34
7,1,7,35
7,1,7,36
7,1,7,37
7,1,7,38
7,1,7,39
8,0,6,5
10,3,4,3
11,1,3,1
9,0,5,5
10,3,4,4
7,2,7,0
11,1,3,2
13,3,1,1
10,4,4,1
10,4,4,2
8,0,6,7
13,4,1,0
7,2,7,2
7,2,7,3
7,2,7,4
7,2,7,5
7,2,7,6
7,2,7,7
7,2,7,8
7,2,7,9
7,2,7,10
7,2,7,11
7,2,7,12
7,2,7,13
7,2,7,14
7,2,7,15
7,2,7,16
7,2,7,17
7,2,7,18
7,2,7,19
7,2,7,20
7,2,7,21
7,2,7,22
7,2,7,23
7,2,7,24
7,2,7,25
7,2,7,26
7,2,7,27
7,2,7,28
7,2,7,29
7,2,7,30
7,2,7,31
12,7,2,1
8,0,6,8
7,2,7,32
7,2,7,33
7,2,7,34
7,2,7,35
7,2,7,36
7,2,7,37
7,2,7,38
7,2,7,39
8,0,6,9
12,8,2,0
11,2,3,1
13,5,1,1
10,7,4,0
7,3,7,0
13,6,1,0
10,7,4,3
10,7,4,4
9,1,5,1
10,8,4,1
10,8,4,2
7,3,7,3
7,3,7,4
7,3,7,5
7,3,7,6
7,3,7,7
7,3,7,8
7,3,7,9
7,3,7,10
7,3,7,11
7,3,7,12
7,3,7,13
7,3,7,14
7,3,7,15
7,3,7,16
7,3,7,17
7,3,7,18
7,3,7,19
7,3,7,20
11,3,3,2
7,3,7,21
7,3,7,22
7,3,7,23
7,3,7,24
7,3,7,25
7,3,7,26
7,3,7,27
7,3,7,28
7,3,7,29
7,3,7,30
7,3,7,31
7,3,7,32
7,3,7,33
7,3,7,34
7,3,7,35
7,3,7,36
7,3,7,37
7,3,7,38
7,3,7,39
9,1,5,5
13,7,1,1
11,4,3,1
10,11,4,0
7,4,7,0
12,11,2,1
13,8,1,0
9,1,5,6
10,11,4,3
10,11,4,4
12,12,2,0
8,1,6,0
9,1,5,8
10,12,4,1
10,12,4,2
8,1,6,1
7,4,7,4
7,4,7,5
7,4,7,6
7,4,7,7
7,4,7,8
7,4,7,9
7,4,7,10
7,4,7,11
7,4,7,12
7,4,7,13
7,4,7,14
7,4,7,15
7,4,7,16
7,4,7,17
7,4,7,18
7,4,7,19
7,4,7,20
7,4,7,21
7,4,7,22
7,4,7,23
7,4,7,24
7,4,7,25
7,4,7,26
7,4,7,27
7,4,7,28
7,4,7,29
7,4,7,30
7,4,7,31
7,4,7,32
7,4,7,33
7,4,7,34
7,4,7,35
7,4,7,36
7,4,7,37
7,4,7,38
7,4,7,39
10,13,4,3
13,9,1,1
11,5,3,2
8,1,6,5
7,5,7,0
13,10,1,0
12,15,2,1
9,2,5,2
8,1,6,6
12,16,2,0
7,5,7,1
9,2,5,3
8,1,6,8
11,6,3,1
13,11,1,1
12,19,2,1
11,6,3,2
13,12,1,0
12,20,2,0
9,2,5,5
7,5,7,5
7,5,7,6
7,5,7,7
7,5,7,8
7,5,7,9
7,5,7,10
7,5,7,11
7,5,7,12
7,5,7,13
7,5,7,14
7,5,7,15
7,5,7,16
7,5,7,17
7,5,7,18
7,5,7,19
7,5,7,20
7,5,7,21
7,5,7,22
7,5,7,23
7,5,7,24
7,5,7,25
7,5,7,26
7,5,7,27
7,5,7,28
7,5,7,29
7,5,7,30
7,5,7,31
7,5,7,32
7,5,7,33
7,5,7,34
7,5,7,35
7,5,7,36
7,5,7,37
7,5,7,38
7,5,7,39
12,23,2,1
13,13,1,1
10,14,4,4
11,7,3,2
12,24,2,0
13,14,1,0
7,6,7,1
11,7,3,3
8,2,6,0
10,15,4,0
9,3,5,0
11,8,3,0
12,27,2,1
8,2,6,2
12,28,2,0
11,8,3,1
13,15,1,1
10,15,4,3
9,3,5,3
7,6,7,6
7,6,7,7
7,6,7,8
7,6,7,9
7,6,7,10
7,6,7,11
7,6,7,12
7,6,7,13
7,6,7,14
7,6,7,15
7,6,7,16
7,6,7,17
7,6,7,18
7,6,7,19
7,6,7,20
7,6,7,21
7,6,7,22
7,6,7,23
7,6,7,24
7,6,7,25
9,3,5,6
13,16,1,0
8,2,6,8
11,9,3,1
7,6,7,26
7,6,7,27
7,6,7,28
7,6,7,29
7,6,7,30
7,6,7,31
7,6,7,32
7,6,7,33
7,6,7,34
7,6,7,35
7,6,7,36
7,6,7,37
7,6,7,38
7,6,7,39
10,15,4,4
12,31,2,0
11,9,3,2
9,3,5,8
8,2,6,9
7,7,7,0
12,31,2,1
10,15,4,5
12,32,2,0
13,17,1,1
10,16,4,0
7,7,7,2
13,18,1,0
10,16,4,1
11,10,3,1
7,7,7,4
10,16,4,2
12,35,2,1
12,36,2,0
7,7,7,6
13,19,1,1
7,7,7,7
7,7,7,8
7,7,7,9
7,7,7,10
7,7,7,11
7,7,7,12
7,7,7,13
7,7,7,14
7,7,7,15
7,7,7,16
7,7,7,17
7,7,7,18
7,7,7,19
7,7,7,20
7,7,7,21
7,7,7,22
7,7,7,23
7,7,7,24
7,7,7,25
7,7,7,26
7,7,7,27
7,7,7,28
7,7,7,29
7,7,7,30
7,7,7,31
7,7,7,32
7,7,7,33
7,7,7,34
7,7,7,35
7,7,7,36
7,7,7,37
7,7,7,38
7,7,7,39
11,11,3,2
9,4,5,3
13,20,1,0
12,39,2,1
8,3,6,0
10,17,4,1
7,8,7,0
12,40,2,0
9,4,5,4
9,4,5,5
8,3,6,3
13,21,1,1
11,12,3,1
12,43,2,1
12,44,2,0
13,22,1,0
7,8,7,3
12,47,2,0
12,47,2,1
7,8,7,5
12,48,2,0
13,23,1,1
10,18,4,2
8,3,6,10
13,24,1,0
8,3,6,11
12,51,2,1
7,8,7,7
12,52,2,0
11,13,3,2
9,5,5,0
7,8,7,8
7,8,7,9
7,8,7,10
7,8,7,11
7,8,7,12
7,8,7,13
7,8,7,14
7,8,7,15
7,8,7,16
7,8,7,17
7,8,7,18
7,8,7,19
7,8,7,20
7,8,7,21
7,8,7,22
7,8,7,23
7,8,7,24
7,8,7,25
7,8,7,26
7,8,7,27
7,8,7,28
7,8,7,29
7,8,7,30
7,8,7,31
7,8,7,32
7,8,7,33
7,8,7,34
7,8,7,35
7,8,7,36
7,8,7,37
7,8,7,38
7,8,7,39
12,55,2,1
8,3,6,14
13,25,1,1
11,14,3,1
10,19,4,0
12,56,2,0
9,5,5,5
7,9,7,0
13,26,1,0
11,14,3,2
9,5,5,6
8,3,6,16
7,9,7,1
7,9,7,2
13,27,1,1
10,19,4,3
12,59,2,1
9,5,5,8
11,15,3,0
13,28,1,0
12,60,2,0
10,19,4,4
11,15,3,2
8,4,6,0
12,63,2,0
13,29,1,1
10,20,4,1
7,9,7,8
11,15,3,3
13,30,1,0
7,9,7,9
7,9,7,10
7,9,7,11
7,9,7,12
7,9,7,13
7,9,7,14
11,16,3,0
7,9,7,15
7,9,7,16
7,9,7,17
7,9,7,18
7,9,7,19
7,9,7,20
7,9,7,21
7,9,7,22
7,9,7,23
7,9,7,24
7,9,7,25
7,9,7,26
7,9,7,27
7,9,7,28
7,9,7,29
7,9,7,30
7,9,7,31
7,9,7,32
7,9,7,33
7,9,7,34
9,6,5,3
12,66,2,1
10,20,4,2
8,4,6,3
7,9,7,35
7,9,7,36
7,9,7,37
7,9,7,38
7,9,7,39
12,67,2,0
13,31,1,1
11,16,3,1
8,4,6,4
7,10,7,0
9,6,5,5
13,32,1,0
8,4,6,5
9,6,5,6
7,10,7,2
12,70,2,1
10,21,4,0
13,33,1,1
12,71,2,0
8,4,6,8
13,34,1,0
8,4,6,9
11,17,3,1
13,35,1,1
12,74,2,1
11,17,3,2
7,10,7,7
12,75,2,0
13,36,1,0
7,10,7,8
12,78,2,0
9,7,5,0
13,37,1,1
12,78,2,1
12,79,2,0
11,18,3,1
7,10,7,10
7,10,7,11
7,10,7,12
7,10,7,13
7,10,7,14
7,10,7,15
7,10,7,16
7,10,7,17
7,10,7,18
7,10,7,19
7,10,7,20
7,10,7,21
7,10,7,22
7,10,7,23
7,10,7,24
7,10,7,25
7,10,7,26
7,10,7,27
7,10,7,28
7,10,7,29
7,10,7,30
7,10,7,31
7,10,7,32
7,10,7,33
7,10,7,34
7,10,7,35
7,10,7,36
7,10,7,37
7,10,7,38
7,10,7,39
12,82,2,1
13,38,1,0
10,23,4,0
12,83,2,0
7,11,7,0
11,19,3,2
9,7,5,6
8,5,6,0
9,7,5,7
8,5,6,1
12,86,2,0
13,39,1,1
10,23,4,3
7,11,7,2
12,86,2,1
13,40,1,0
9,7,5,8
12,87,2,0
7,11,7,3
11,20,3,1
10,23,4,4
9,7,5,9
7,11,7,4
9,7,5,10
13,41,1,1
8,5,6,5
13,42,1,0
12,90,2,1
7,11,7,6
10,24,4,1
12,91,2,0
10,24,4,2
7,11,7,8
11,21,3,2
13,43,1,1
9,8,5,1
13,44,1,0
7,11,7,10
12,94,2,0
9,8,5,2
7,11,7,11
7,11,7,12
7,11,7,13
7,11,7,14
7,11,7,15
7,11,7,16
7,11,7,17
7,11,7,18
7,11,7,19
7,11,7,20
13,45,1,1
11,22,3,1
7,11,7,21
7,11,7,22
7,11,7,23
7,11,7,24
7,11,7,25
7,11,7,26
7,11,7,27
7,11,7,28
7,11,7,29
7,11,7,30
7,11,7,31
7,11,7,32
7,11,7,33
7,11,7,34
7,11,7,35
7,11,7,36
7,11,7,37
7,11,7,38
7,11,7,39
11,22,3,2
13,46,1,0
9,8,5,3
10,25,4,0
12,97,2,1
7,12,7,0
9,8,5,4
9,8,5,5
12,98,2,0
11,23,3,0
13,47,1,1
11,23,3,2
11,23,3,3
9,9,5,0
13,48,1,0
11,24,3,0
9,9,5,5
11,24,3,1
9,9,5,6
8,6,6,1
7,12,7,7
9,9,5,8
13,49,1,1
12,101,2,0
9,10,5,0
13,50,1,0
12,101,2,1
12,102,2,0
9,10,5,3
11,25,3,1
7,12,7,8
9,10,5,5
11,25,3,2
8,6,6,6
7,12,7,11
11,26,3,1
13,51,1,1
7,12,7,12
7,12,7,13
7,12,7,14
7,12,7,15
7,12,7,16
7,12,7,17
7,12,7,18
7,12,7,19
7,12,7,20
7,12,7,21
7,12,7,22
7,12,7,23
7,12,7,24
7,12,7,25
7,12,7,26
7,12,7,27
7,12,7,28
7,12,7,29
7,12,7,30
7,12,7,31
7,12,7,32
7,12,7,33
7,12,7,34
7,12,7,35
7,12,7,36
7,12,7,37
7,12,7,38
7,12,7,39
13,52,1,0
12,105,2,1
10,27,4,3
9,11,5,0
12,106,2,0
11,27,3,2
13,53,1,1
10,27,4,4
13,54,1,0
9,11,5,6
12,109,2,1
13,55,1,1
7,13,7,3
12,110,2,0
13,56,1,0
9,11,5,8
11,28,3,1
10,28,4,1
13,57,1,1
13,58,1,0
10,28,4,2
9,12,5,0
12,113,2,1
13,59,1,1
12,114,2,0
13,60,1,0
9,12,5,3
13,61,1,1
11,29,3,2
13,62,1,0
9,12,5,5
8,7,6,0
12,117,2,1
13,63,1,0
12,118,2,0
13,63,1,1
13,64,1,0
11,30,3,1
7,13,7,13
7,13,7,14
7,13,7,15
7,13,7,16
7,13,7,17
7,13,7,18
7,13,7,19
7,13,7,20
12,121,2,1
7,13,7,21
7,13,7,22
7,13,7,23
7,13,7,24
7,13,7,25
7,13,7,26
7,13,7,27
7,13,7,28
7,13,7,29
7,13,7,30
7,13,7,31
7,13,7,32
7,13,7,33
10,29,4,3
13,65,1,1
12,122,2,0
8,7,6,4
7,13,7,34
7,13,7,35
7,13,7,36
7,13,7,37
7,13,7,38
7,13,7,39
11,30,3,2
13,66,1,0
9,13,5,6
7,14,7,0
9,13,5,8
13,67,1,1
13,68,1,0
12,125,2,1
12,126,2,0
11,31,3,0
8,7,6,7
13,69,1,1
13,70,1,0
7,14,7,3
13,71,1,1
11,31,3,2
9,14,5,3
13,72,1,0
12,129,2,1
12,130,2,0
11,31,3,3
9,14,5,5
7,14,7,5
13,73,1,1
9,14,5,6
13,74,1,0
8,7,6,10
11,32,3,0
10,30,4,4
7,14,7,7
13,75,1,1
8,7,6,11
11,32,3,1
12,133,2,1
13,76,1,0
12,134,2,0
13,77,1,1
10,31,4,0
7,14,7,9
9,15,5,0
13,78,1,0
7,14,7,10
9,15,5,2
10,31,4,1
12,137,2,0
13,79,1,1
12,137,2,1
8,7,6,14
11,33,3,1
7,14,7,11
13,80,1,0
12,138,2,0
10,31,4,2
9,15,5,4
11,33,3,2
7,14,7,12
13,81,1,1
9,15,5,6
13,82,1,0
9,15,5,7
8,7,6,16
9,15,5,8
7,14,7,14
7,14,7,15
7,14,7,16
7,14,7,17
7,14,7,18
7,14,7,19
7,14,7,20
7,14,7,21
7,14,7,22
7,14,7,23
7,14,7,24
7,14,7,25
7,14,7,26
7,14,7,27
7,14,7,28
7,14,7,29
7,14,7,30
7,14,7,31
7,14,7,32
7,14,7,33
7,14,7,34
7,14,7,35
7,14,7,36
7,14,7,37
7,14,7,38
7,14,7,39
13,83,1,1
12,141,2,1
9,15,5,9
11,34,3,1
13,84,1,0
12,142,2,0
9,15,5,10
7,15,7,0
10,32,4,1
13,85,1,1
8,8,6,0
13,86,1,0
7,15,7,1
9,16,5,1
12,145,2,0
9,16,5,2
12,145,2,1
13,87,1,1
12,146,2,0
9,16,5,3
13,88,1,0
9,16,5,4
11,35,3,2
9,16,5,5
7,15,7,4
8,8,6,3
13,89,1,1
12,149,2,0
12,149,2,1
13,90,1,0
12,150,2,0
8,8,6,5
11,36,3,1
10,33,4,2
13,91,1,1
9,17,5,0
13,92,1,0
12,153,2,0
7,15,7,8
13,93,1,1
8,8,6,7
13,94,1,0
9,17,5,5
8,8,6,8
9,17,5,6
13,95,1,0
12,156,2,1
13,95,1,1
12,157,2,0
8,8,6,9
9,17,5,8
13,96,1,0
11,37,3,2
10,34,4,0
13,97,1,1
13,98,1,0
12,160,2,0
9,18,5,0
12,160,2,1
11,38,3,1
12,161,2,0
13,99,1,1
7,15,7,14
9,18,5,3
10,34,4,3
11,38,3,2
13,100,1,0
7,15,7,15
7,15,7,16
7,15,7,17
12,164,2,0
10,34,4,4
7,15,7,18
7,15,7,19
7,15,7,20
7,15,7,21
7,15,7,22
7,15,7,23
7,15,7,24
7,15,7,25
7,15,7,26
7,15,7,27
7,15,7,28
7,15,7,29
7,15,7,30
7,15,7,31
7,15,7,32
7,15,7,33
7,15,7,34
7,15,7,35
7,15,7,36
7,15,7,37
7,15,7,38
7,15,7,39
11,39,3,0
12,164,2,1
9,18,5,5
13,101,1,1
12,165,2,0
10,35,4,1
7,16,7,0
13,102,1,0
11,39,3,2
10,35,4,2
13,103,1,1
13,104,1,0
11,39,3,3
7,16,7,2
12,168,2,0
11,40,3,0
9,19,5,0
13,105,1,1
8,9,6,0
13,106,1,0
9,19,5,1
7,16,7,4
11,40,3,1
12,171,2,0
8,9,6,1
13,107,1,1
12,171,2,1
10,36,4,0
13,108,1,0
12,172,2,0
8,9,6,2
7,16,7,7
9,19,5,6
13,109,1,1
7,16,7,8
9,19,5,8
13,110,1,0
11,41,3,1
12,175,2,1
11,41,3,2
12,176,2,0
13,111,1,1
13,112,1,0
9,20,5,0
7,16,7,11
13,113,1,1
13,114,1,0
9,20,5,3
12,179,2,1
11,42,3,1
10,37,4,0
12,180,2,0
9,20,5,5
13,115,1,1
8,9,6,8
13,116,1,0
7,16,7,14
11,43,3,0
13,117,1,1
13,118,1,0
12,183,2,1
7,16,7,16
7,16,7,17
7,16,7,18
7,16,7,19
7,16,7,20
7,16,7,21
7,16,7,22
13,119,1,1
11,43,3,2
7,16,7,23
7,16,7,24
7,16,7,25
7,16,7,26
7,16,7,27
7,16,7,28
7,16,7,29
7,16,7,30
7,16,7,31
7,16,7,32
7,16,7,33
7,16,7,34
7,16,7,35
7,16,7,36
7,16,7,37
7,16,7,38
7,16,7,39
12,184,2,0
9,21,5,0
13,120,1,0
10,38,4,0
9,21,5,1
7,17,7,0
11,44,3,1
13,121,1,1
13,122,1,0
7,17,7,1
12,187,2,0
12,187,2,1
7,17,7,2
13,123,1,1
9,21,5,6
12,188,2,0
13,124,1,0
7,17,7,3
10,38,4,3
9,21,5,8
7,17,7,4
13,125,1,1
13,126,1,0
11,45,3,2
10,38,4,4
12,191,2,0
12,191,2,1
12,192,2,0
13,127,1,1
7,17,7,6
9,22,5,1
13,128,1,0
9,22,5,3
11,46,3,1
13,129,1,1
8,10,6,0
13,130,1,0
7,17,7,8
12,195,2,0
9,22,5,5
11,46,3,2
9,22,5,6
7,17,7,9
10,39,4,1
13,131,1,1
13,132,1,0
8,10,6,2
7,17,7,10
10,39,4,2
12,198,2,0
11,47,3,0
13,133,1,1
12,198,2,1
12,199,2,0
13,134,1,0
9,23,5,0
7,17,7,12
13,135,1,1
11,47,3,2
9,23,5,2
13,136,1,0
11,47,3,3
7,17,7,14
12,202,2,1
9,23,5,4
13,137,1,1
12,203,2,0
13,138,1,0
7,17,7,15
11,48,3,0
9,23,5,6
10,40,4,0
7,17,7,16
9,23,5,7
13,139,1,1
11,48,3,1
13,140,1,0
9,23,5,8
7,17,7,17
7,17,7,18
7,17,7,19
7,17,7,20
7,17,7,21
7,17,7,22
7,17,7,23
7,17,7,24
7,17,7,25
7,17,7,26
7,17,7,27
7,17,7,28
7,17,7,29
7,17,7,30
7,17,7,31
7,17,7,32
7,17,7,33
7,17,7,34
7,17,7,35
7,17,7,36
7,17,7,37
7,17,7,38
7,17,7,39
8,10,6,9
9,23,5,9
12,206,2,1
13,141,1,1
12,207,2,0
13,142,1,0
11,49,3,1
9,23,5,10
7,18,7,0
12,207,2,1
11,49,3,2
13,143,1,1
9,24,5,0
13,144,1,0
9,24,5,1
10,41,4,0
9,24,5,2
12,210,2,1
13,145,1,1
9,24,5,3
12,211,2,0
13,146,1,0
9,24,5,4
11,50,3,1
7,18,7,4
9,24,5,5
13,147,1,1
13,148,1,0
12,214,2,0
13,149,1,1
12,214,2,1
11,51,3,0
13,150,1,0
7,18,7,7
12,215,2,0
7,18,7,8
13,151,1,1
9,25,5,0
11,51,3,2
13,152,1,0
9,25,5,1
10,42,4,0
12,218,2,1
13,153,1,1
12,219,2,0
13,154,1,0
7,18,7,11
9,25,5,5
11,52,3,1
13,155,1,1
9,25,5,6
8,11,6,0
13,156,1,0
9,25,5,8
10,42,4,3
7,18,7,14
13,157,1,0
12,222,2,1
12,223,2,0
13,157,1,1
12,223,2,1
10,42,4,4
13,158,1,0
9,26,5,1
13,159,1,1
8,11,6,3
7,18,7,17
13,160,1,0
11,53,3,2
12,226,2,1
10,43,4,0
7,18,7,18
7,18,7,19
7,18,7,20
7,18,7,21
7,18,7,22
7,18,7,23
7,18,7,24
7,18,7,25
7,18,7,26
7,18,7,27
7,18,7,28
7,18,7,29
7,18,7,30
7,18,7,31
7,18,7,32
7,18,7,33
7,18,7,34
7,18,7,35
7,18,7,36
7,18,7,37
7,18,7,38
7,18,7,39
10,43,4,1
9,26,5,3
12,227,2,0
8,11,6,4
13,161,1,1
11,54,3,1
13,162,1,0
7,19,7,0
10,43,4,2
9,26,5,5
11,54,3,2
9,26,5,6
13,163,1,1
7,19,7,1
13,164,1,0
7,19,7,2
12,230,2,1
13,165,1,1
12,231,2,0
8,11,6,7
13,166,1,0
7,19,7,4
11,55,3,2
13,167,1,1
13,168,1,0
7,19,7,5
11,55,3,3
7,19,7,6
12,234,2,1
13,169,1,1
11,56,3,0
8,11,6,10
12,235,2,0
13,170,1,0
11,56,3,1
9,27,5,6
8,11,6,11
7,19,7,8
13,171,1,1
9,27,5,7
13,172,1,0
7,19,7,9
9,27,5,8
10,44,4,3
13,173,1,0
12,238,2,1
7,19,7,10
12,239,2,0
13,173,1,1
13,174,1,0
8,11,6,14
11,57,3,1
13,175,1,1
9,28,5,1
7,19,7,12
13,176,1,0
12,242,2,0
11,57,3,2
9,28,5,3
12,242,2,1
12,243,2,0
13,177,1,1
8,11,6,16
7,19,7,14
9,28,5,5
13,178,1,0
7,19,7,15
13,179,1,1
7,19,7,16
12,246,2,1
9,28,5,8
13,180,1,0
10,45,4,4
12,247,2,0
11,58,3,1
13,181,1,1
7,19,7,18
13,182,1,0
8,12,6,0
7,19,7,19
7,19,7,20
7,19,7,21
7,19,7,22
7,19,7,23
7,19,7,24
7,19,7,25
7,19,7,26
7,19,7,27
7,19,7,28
7,19,7,29
7,19,7,30
7,19,7,31
7,19,7,32
7,19,7,33
7,19,7,34
7,19,7,35
12,250,2,0
10,46,4,0
13,183,1,1
7,19,7,36
7,19,7,37
7,19,7,38
7,19,7,39
13,184,1,0
12,250,2,1
9,29,5,6
12,251,2,0
10,46,4,1
8,12,6,3
11,59,3,2
9,29,5,8
13,185,1,1
7,20,7,1
10,46,4,2
13,186,1,0
9,29,5,9
8,12,6,5
12,254,2,1
13,187,1,1
7,20,7,3
12,255,2,0
9,30,5,0
13,188,1,0
9,30,5,1
12,256,2,0
11,60,3,1
9,30,5,2
7,20,7,5
13,189,1,1
9,30,5,3
7,20,7,6
9,30,5,4
13,190,1,0
8,12,6,8
12,258,2,0
9,30,5,5
10,47,4,0
7,20,7,7
8,12,6,9
13,191,1,1
10,47,4,1
13,192,1,0
7,20,7,9
12,261,2,1
12,262,2,0
13,193,1,1
11,61,3,2
13,194,1,0
9,31,5,0
7,20,7,11
9,31,5,1
13,195,1,1
12,265,2,0
11,62,3,0
13,196,1,0
12,265,2,1
12,266,2,0
11,62,3,1
7,20,7,13
13,197,1,1
9,31,5,5
13,198,1,0
10,48,4,0
9,31,5,6
12,269,2,0
13,199,1,1
9,31,5,8
12,269,2,1
13,200,1,0
7,20,7,15
12,270,2,0
10,48,4,2
13,201,1,1
12,271,2,0
13,202,1,0
9,32,5,0
11,63,3,1
7,20,7,17
13,203,1,0
12,273,2,0
9,32,5,2
13,203,1,1
11,63,3,2
9,32,5,3
13,204,1,0
7,20,7,19
9,32,5,5
13,205,1,1
7,20,7,20
7,20,7,21
7,20,7,22
7,20,7,23
7,20,7,24
7,20,7,25
12,276,2,0
10,49,4,0
13,206,1,0
7,20,7,26
7,20,7,27
7,20,7,28
7,20,7,29
7,20,7,30
7,20,7,31
7,20,7,32
7,20,7,33
7,20,7,34
7,20,7,35
7,20,7,36
7,20,7,37
7,20,7,38
7,20,7,39
13,207,1,1
11,64,3,1
12,276,2,1
8,13,6,3
13,208,1,0
12,277,2,0
9,33,5,0
10,49,4,3
13,209,1,1
9,33,5,2
13,210,1,0
9,33,5,3
12,280,2,0
10,49,4,4
13,211,1,1
9,33,5,6
13,212,1,0
11,65,3,2
9,33,5,8
13,213,1,1
12,283,2,1
13,214,1,0
12,284,2,0
10,50,4,0
7,21,7,7
13,215,1,1
10,50,4,1
9,34,5,0
13,216,1,0
11,66,3,1
8,13,6,10
10,50,4,2
13,217,1,1
12,287,2,1
9,34,5,3
13,218,1,0
12,288,2,0
8,13,6,11
9,34,5,4
9,34,5,5
13,219,1,1
13,220,1,0
12,291,2,0
12,291,2,1
11,67,3,2
12,292,2,0
13,221,1,1
13,222,1,0
9,35,5,0
9,35,5,1
13,223,1,1
12,295,2,0
9,35,5,2
12,295,2,1
13,224,1,0
11,68,3,1
12,296,2,0
11,68,3,2
13,225,1,1
9,35,5,5
12,297,2,0
13,226,1,0
9,35,5,6
7,21,7,20
9,35,5,8
12,299,2,0
13,227,1,1
11,69,3,0
7,21,7,21
7,21,7,22
7,21,7,23
7,21,7,24
7,21,7,25
7,21,7,26
7,21,7,27
7,21,7,28
7,21,7,29
7,21,7,30
7,21,7,31
7,21,7,32
7,21,7,33
7,21,7,34
7,21,7,35
7,21,7,36
7,21,7,37
7,21,7,38
7,21,7,39
13,228,1,0
11,69,3,2
12,302,2,0
9,36,5,0
12,302,2,1
9,36,5,1
12,303,2,0
11,69,3,3
13,229,1,1
13,230,1,0
7,22,7,1
12,304,2,0
9,36,5,3
11,70,3,0
13,231,1,1
9,36,5,5
11,70,3,1
13,232,1,0
12,306,2,0
8,14,6,3
7,22,7,3
9,36,5,6
13,233,1,1
12,307,2,0
13,234,1,0
7,22,7,5
13,235,1,1
7,22,7,6
12,309,2,1
13,236,1,0
9,37,5,0
11,71,3,1
12,310,2,0
7,22,7,7
11,71,3,2
9,37,5,2
13,237,1,1
7,22,7,9
13,238,1,0
9,37,5,4
7,22,7,11
12,313,2,0
7,22,7,13
13,239,1,1
12,313,2,1
9,37,5,6
11,72,3,1
13,240,1,0
10,53,4,3
12,314,2,0
9,37,5,7
7,22,7,15
9,37,5,8
12,315,2,0
7,22,7,17
13,241,1,1
9,37,5,9
10,53,4,4
13,242,1,0
7,22,7,19
9,37,5,10
8,14,6,11
11,73,3,0
12,317,2,0
7,22,7,21
13,243,1,1
10,53,4,5
9,38,5,0
7,22,7,22
7,22,7,23
7,22,7,24
7,22,7,25
7,22,7,26
7,22,7,27
7,22,7,28
7,22,7,29
7,22,7,30
7,22,7,31
7,22,7,32
7,22,7,33
7,22,7,34
7,22,7,35
7,22,7,36
7,22,7,37
7,22,7,38
7,22,7,39
12,318,2,0
13,244,1,0
9,38,5,1
10,54,4,0
11,73,3,2
9,38,5,2
8,14,6,13
9,38,5,3
13,245,1,1
10,54,4,1
12,320,2,1
13,246,1,0
9,38,5,4
12,321,2,0
8,14,6,14
9,38,5,5
12,321,2,1
10,54,4,2
11,74,3,1
7,23,7,7
13,247,1,1
13,248,1,0
13,249,1,1
13,250,1,0
12,324,2,1
11,75,3,0
12,325,2,0
9,39,5,0
13,251,1,1
9,39,5,1
13,252,1,0
9,39,5,2
11,75,3,2
7,23,7,20
13,253,1,1
13,254,1,0
9,39,5,5
7,23,7,22
12,328,2,1
9,39,5,6
7,23,7,23
7,23,7,24
7,23,7,25
7,23,7,26
7,23,7,27
7,23,7,28
7,23,7,29
7,23,7,30
7,23,7,31
7,23,7,32
7,23,7,33
7,23,7,34
7,23,7,35
7,23,7,36
7,23,7,37
7,23,7,38
7,23,7,39
8,15,6,0
9,39,5,8
13,255,1,1
12,329,2,0
11,76,3,1
13,256,1,0
8,15,6,1
11,76,3,2
13,257,1,1
9,40,5,0
8,15,6,2
13,258,1,0
12,332,2,0
7,24,7,7
12,332,2,1
9,40,5,2
8,15,6,3
11,77,3,0
12,333,2,0
9,40,5,3
13,259,1,1
8,15,6,4
13,260,1,0
9,40,5,5
7,24,7,11
8,15,6,5
13,261,1,1
11,77,3,2
12,336,2,0
13,262,1,0
12,336,2,1
12,337,2,0
11,77,3,3
13,263,1,1
7,24,7,17
8,15,6,7
13,264,1,0
9,41,5,0
11,78,3,0
7,24,7,19
7,24,7,20
12,340,2,0
9,41,5,2
8,15,6,8
13,265,1,1
7,24,7,22
11,78,3,1
9,41,5,3
13,266,1,0
7,24,7,24
7,24,7,25
7,24,7,26
7,24,7,27
7,24,7,28
7,24,7,29
7,24,7,30
7,24,7,31
7,24,7,32
7,24,7,33
7,24,7,34
7,24,7,35
7,24,7,36
7,24,7,37
7,24,7,38
8,15,6,9
7,24,7,39
9,41,5,4
13,267,1,1
12,343,2,0
13,268,1,0
12,343,2,1
9,41,5,6
11,79,3,1
12,344,2,0
10,57,4,3
13,269,1,1
11,79,3,2
10,57,4,4
12,345,2,0
13,270,1,0
9,41,5,8
10,57,4,5
11,80,3,1
10,58,4,0
9,41,5,10
13,271,1,1
12,347,2,0
10,58,4,1
13,272,1,0
12,348,2,0
10,58,4,2
9,42,5,0
11,81,3,0
13,273,1,1
9,42,5,2
11,81,3,2
8,16,6,0
9,42,5,3
13,274,1,0
8,16,6,1
12,350,2,1
9,42,5,5
12,351,2,0
11,82,3,1
13,275,1,0
10,59,4,1
13,275,1,1
8,16,6,4
13,276,1,0
11,83,3,0
7,25,7,20
8,16,6,5
11,83,3,2
7,25,7,21
8,16,6,6
12,354,2,0
7,25,7,22
13,277,1,1
12,354,2,1
7,25,7,23
13,278,1,0
11,84,3,1
12,355,2,0
7,25,7,24
8,16,6,8
11,84,3,2
7,25,7,25
7,25,7,26
7,25,7,27
7,25,7,28
7,25,7,29
7,25,7,30
7,25,7,31
7,25,7,32
7,25,7,33
7,25,7,34
13,279,1,1
10,60,4,2
7,25,7,35
7,25,7,36
7,25,7,37
7,25,7,38
7,25,7,39
12,356,2,0
11,85,3,0
13,280,1,0
9,43,5,3
11,85,3,2
11,85,3,3
13,281,1,1
12,358,2,0
11,86,3,0
10,61,4,0
13,282,1,0
9,43,5,6
11,86,3,1
12,359,2,0
9,43,5,8
13,283,1,1
13,284,1,0
10,61,4,3
11,87,3,0
7,26,7,7
10,61,4,4
11,87,3,1
12,361,2,1
13,285,1,1
11,87,3,2
12,362,2,0
13,286,1,0
8,17,6,0
9,44,5,0
12,362,2,1
7,26,7,11
10,62,4,1
9,44,5,1
13,287,1,1
8,17,6,2
11,88,3,1
10,62,4,2
13,288,1,0
9,44,5,2
8,17,6,4
9,44,5,3
12,365,2,1
13,289,1,1
9,44,5,4
13,290,1,0
11,89,3,2
9,44,5,5
7,26,7,17
10,63,4,0
13,291,1,0
12,367,2,1
8,17,6,8
7,26,7,19
13,291,1,1
12,368,2,0
8,17,6,9
11,90,3,1
13,292,1,0
12,368,2,1
13,293,1,1
11,91,3,2
13,294,1,0
7,26,7,26
7,26,7,27
7,26,7,28
7,26,7,29
7,26,7,30
7,26,7,31
7,26,7,32
7,26,7,33
7,26,7,34
7,26,7,35
7,26,7,36
7,26,7,37
7,26,7,38
7,26,7,39
11,92,3,0
12,371,2,1
9,45,5,0
13,295,1,1
12,372,2,0
11,92,3,1
13,296,1,0
9,45,5,1
12,372,2,1
13,297,1,1
11,93,3,1
10,65,4,0
8,18,6,0
13,298,1,0
11,93,3,2
10,65,4,1
8,18,6,1
9,45,5,5
12,375,2,1
13,299,1,0
7,27,7,7
9,45,5,6
13,299,1,1
12,376,2,0
11,94,3,1
10,65,4,3
8,18,6,3
13,300,1,0
8,18,6,4
10,65,4,4
9,45,5,8
11,95,3,0
13,301,1,1
13,302,1,0
11,95,3,2
8,18,6,7
10,66,4,1
12,379,2,1
13,303,1,1
10,66,4,2
12,380,2,0
9,46,5,0
11,96,3,1
13,304,1,0
8,18,6,10
9,46,5,2
7,27,7,20
8,18,6,11
11,97,3,0
13,305,1,1
9,46,5,3
13,306,1,0
7,27,7,22
11,97,3,2
10,67,4,0
9,46,5,5
12,383,2,1
8,18,6,14
7,27,7,25
11,98,3,1
13,307,1,1
12,384,2,0
11,98,3,2
13,308,1,0
8,18,6,16
7,27,7,27
7,27,7,28
7,27,7,29
7,27,7,30
7,27,7,31
7,27,7,32
7,27,7,33
7,27,7,34
7,27,7,35
7,27,7,36
7,27,7,37
7,27,7,38
7,27,7,39
11,99,3,0
13,309,1,1
10,68,4,0
7,28,7,1
13,310,1,0
11,99,3,2
11,99,3,3
9,47,5,0
7,28,7,3
8,19,6,0
12,387,2,1
11,100,3,0
13,311,1,1
12,388,2,0
13,312,1,0
11,100,3,1
7,28,7,5
9,47,5,2
9,47,5,3
7,28,7,7
8,19,6,3
13,313,1,1
11,101,3,0
10,69,4,0
9,47,5,4
8,19,6,4
7,28,7,9
13,314,1,0
11,101,3,1
10,69,4,1
8,19,6,5
11,101,3,2
7,28,7,11
9,47,5,6
12,391,2,1
13,315,1,1
10,69,4,3
12,392,2,0
7,28,7,13
13,316,1,0
11,102,3,1
8,19,6,8
9,47,5,8
10,69,4,4
7,28,7,15
8,19,6,9
13,317,1,1
10,70,4,0
7,28,7,17
9,47,5,10
13,318,1,0
10,70,4,1
11,103,3,2
7,28,7,19
12,395,2,0
10,70,4,2
9,48,5,0
13,319,1,1
12,395,2,1
7,28,7,21
13,320,1,0
12,396,2,0
11,104,3,1
7,28,7,23
13,321,1,0
13,321,1,1
9,48,5,3
7,28,7,25
13,322,1,0
10,71,4,0
9,48,5,5
11,105,3,2
7,28,7,27
7,28,7,28
7,28,7,29
7,28,7,30
7,28,7,31
7,28,7,32
7,28,7,33
7,28,7,34
7,28,7,35
7,28,7,36
7,28,7,37
7,28,7,38
7,28,7,39
8,20,6,0
12,399,2,1
13,323,1,1
10,71,4,3
11,106,3,1
13,324,1,0
12,400,2,0
8,20,6,1
11,106,3,2
11,106,3,3
13,325,1,1
13,326,1,0
8,20,6,4
11,107,3,2
8,20,6,5
12,403,2,0
11,107,3,3
7,29,7,7
13,327,1,1
12,403,2,1
11,108,3,0
13,328,1,0
10,72,4,4
8,20,6,7
9,49,5,3
11,108,3,1
12,404,2,0
13,329,1,0
13,329,1,1
10,73,4,0
13,330,1,0
11,109,3,0
9,49,5,6
10,73,4,1
11,109,3,1
10,73,4,2
11,109,3,2
9,49,5,8
13,331,1,1
12,407,2,1
13,332,1,0
12,408,2,0
11,110,3,1
7,29,7,20
8,20,6,16
7,29,7,22
10,74,4,0
13,333,1,1
12,410,2,0
10,74,4,1
13,334,1,0
7,29,7,25
11,111,3,2
12,411,2,0
9,50,5,3
13,335,1,1
7,29,7,28
13,336,1,0
7,29,7,29
7,29,7,30
7,29,7,31
7,29,7,32
7,29,7,33
7,29,7,34
7,29,7,35
7,29,7,36
7,29,7,37
7,29,7,38
7,29,7,39
8,21,6,1
11,112,3,1
9,50,5,5
10,75,4,0
9,50,5,6
13,337,1,1
12,414,2,1
10,75,4,2
9,50,5,7
13,338,1,0
12,415,2,0
8,21,6,5
11,113,3,2
8,21,6,6
13,339,1,1
9,50,5,10
11,114,3,1
7,30,7,7
13,340,1,0
10,76,4,0
11,114,3,2
9,50,5,11
12,418,2,0
11,114,3,3
10,76,4,1
12,418,2,1
13,341,1,1
12,419,2,0
7,30,7,11
13,342,1,0
10,76,4,3
11,115,3,2
13,343,1,0
11,115,3,3
10,76,4,4
13,343,1,1
11,116,3,0
13,344,1,0
11,116,3,1
12,422,2,0
7,30,7,17
10,77,4,0
12,422,2,1
10,77,4,1
9,51,5,6
12,423,2,0
7,30,7,19
13,345,1,1
10,77,4,2
9,51,5,7
7,30,7,20
13,346,1,0
9,51,5,8
11,117,3,1
9,51,5,9
12,425,2,0
7,30,7,22
11,117,3,2
13,347,1,1
8,22,6,0
9,51,5,10
12,426,2,0
10,78,4,0
13,348,1,0
10,78,4,1
9,51,5,11
7,30,7,25
11,118,3,1
9,52,5,0
8,22,6,3
13,349,1,1
13,350,1,0
9,52,5,1
12,429,2,0
8,22,6,5
9,52,5,2
12,429,2,1
7,30,7,30
7,30,7,31
7,30,7,32
7,30,7,33
7,30,7,34
7,30,7,35
7,30,7,36
7,30,7,37
7,30,7,38
10,79,4,1
12,430,2,0
7,30,7,39
13,351,1,1
11,119,3,2
9,52,5,3
13,352,1,0
8,22,6,8
9,52,5,4
8,22,6,9
9,52,5,5
11,120,3,1
13,353,1,1
13,354,1,0
10,80,4,0
12,433,2,1
12,434,2,0
10,80,4,1
13,355,1,1
10,80,4,2
13,356,1,0
11,121,3,2
9,53,5,0
13,357,1,1
12,437,2,0
10,81,4,0
9,53,5,1
11,122,3,1
13,358,1,0
11,122,3,2
10,81,4,1
8,23,6,0
11,123,3,0
13,359,1,1
8,23,6,1
9,53,5,5
13,360,1,0
11,123,3,2
12,440,2,1
9,53,5,6
11,123,3,3
7,31,7,20
12,441,2,0
11,124,3,0
8,23,6,4
7,31,7,21
11,124,3,1
9,53,5,8
13,361,1,1
7,31,7,22
10,82,4,1
7,31,7,23
13,362,1,0
8,23,6,6
7,31,7,24
8,23,6,7
11,125,3,1
12,444,2,0
11,125,3,2
13,363,1,1
12,444,2,1
7,31,7,27
9,54,5,0
12,445,2,0
13,364,1,0
7,31,7,28
7,31,7,29
11,126,3,1
9,54,5,2
7,31,7,30
13,365,1,1
7,31,7,31
7,31,7,32
7,31,7,33
7,31,7,34
7,31,7,35
7,31,7,36
7,31,7,37
7,31,7,38
7,31,7,39
9,54,5,3
13,366,1,0
11,127,3,0
10,83,4,3
12,448,2,0
12,448,2,1
7,32,7,1
10,83,4,4
11,127,3,2
9,54,5,5
12,449,2,0
8,23,6,16
10,83,4,5
13,367,1,1
7,32,7,3
11,128,3,1
12,450,2,0
10,84,4,0
13,368,1,0
10,84,4,1
12,451,2,0
7,32,7,5
13,369,1,1
10,84,4,2
12,452,2,0
8,24,6,1
13,370,1,0
7,32,7,7
11,129,3,2
13,371,1,1
9,55,5,0
11,130,3,0
7,32,7,9
13,372,1,0
10,85,4,0
7,32,7,10
11,130,3,1
12,455,2,0
8,24,6,6
10,85,4,1
11,130,3,2
7,32,7,11
12,455,2,1
13,373,1,1
9,55,5,3
7,32,7,12
12,456,2,0
7,32,7,13
13,374,1,0
9,55,5,4
11,131,3,0
12,457,2,0
7,32,7,15
9,55,5,6
12,458,2,0
13,375,1,0
11,131,3,2
10,86,4,0
7,32,7,16
11,131,3,3
13,375,1,1
7,32,7,17
12,459,2,0
9,55,5,8
11,132,3,0
13,376,1,0
7,32,7,18
10,86,4,2
12,460,2,0
7,32,7,19
11,132,3,1
7,32,7,21
13,377,1,1
13,378,1,0
12,462,2,0
9,56,5,0
7,32,7,23
11,133,3,1
10,87,4,0
11,133,3,2
13,379,1,1
7,32,7,25
13,380,1,0
9,56,5,3
7,32,7,27
10,87,4,3
11,134,3,1
9,56,5,4
13,381,1,1
12,465,2,0
7,32,7,29
10,87,4,4
9,56,5,5
13,382,1,0
11,135,3,0
12,465,2,1
7,32,7,31
12,466,2,0
13,383,1,0
11,135,3,2
7,32,7,32
7,32,7,33
7,32,7,34
7,32,7,35
7,32,7,36
7,32,7,37
7,32,7,38
7,32,7,39
13,383,1,1
10,88,4,0
12,467,2,0
13,384,1,0
10,88,4,1
11,136,3,1
12,468,2,0
10,88,4,2
12,469,2,0
13,385,1,1
11,137,3,0
8,25,6,10
9,57,5,0
13,386,1,0
12,470,2,0
8,25,6,11
11,137,3,2
9,57,5,1
8,25,6,12
10,89,4,0
13,387,1,1
11,138,3,0
13,388,1,0
11,138,3,1
9,57,5,4
10,89,4,1
8,25,6,14
11,138,3,2
9,57,5,5
12,472,2,1
12,473,2,0
9,57,5,6
11,139,3,0
8,25,6,16
13,389,1,1
13,390,1,0
11,139,3,2
9,57,5,8
11,139,3,3
8,25,6,19
11,140,3,0
13,391,1,1
7,33,7,17
10,90,4,1
11,140,3,1
13,392,1,0
8,26,6,0
7,33,7,19
12,476,2,1
8,26,6,1
7,33,7,20
12,477,2,0
9,58,5,1
11,141,3,0
8,26,6,2
13,393,1,1
7,33,7,22
11,141,3,1
8,26,6,3
13,394,1,0
11,141,3,2
9,58,5,3
8,26,6,4
10,91,4,0
8,26,6,5
10,91,4,1
13,395,1,1
11,142,3,1
9,58,5,5
12,480,2,0
13,396,1,0
10,91,4,2
7,33,7,28
9,58,5,6
12,480,2,1
8,26,6,7
11,143,3,0
12,481,2,0
13,397,1,0
8,26,6,8
13,397,1,1
11,143,3,2
8,26,6,9
7,33,7,32
13,398,1,0
7,33,7,33
7,33,7,34
7,33,7,35
7,33,7,36
7,33,7,37
7,33,7,38
7,33,7,39
10,92,4,0
11,144,3,1
12,484,2,0
10,92,4,1
13,399,1,1
12,484,2,1
9,59,5,0
13,400,1,0
12,485,2,0
9,59,5,1
11,145,3,2
13,401,1,1
9,59,5,2
13,402,1,0
12,487,2,0
7,34,7,7
11,146,3,0
11,146,3,1
9,59,5,4
10,93,4,1
12,488,2,0
13,403,1,1
13,404,1,0
7,34,7,11
9,59,5,6
11,147,3,1
8,27,6,0
9,59,5,7
11,147,3,2
13,405,1,1
8,27,6,1
9,59,5,8
12,491,2,0
13,406,1,0
9,59,5,9
12,491,2,1
11,148,3,1
7,34,7,17
12,492,2,0
9,59,5,10
7,34,7,19
13,407,1,1
11,149,3,0
10,94,4,3
12,493,2,0
8,27,6,5
13,408,1,0
7,34,7,20
9,60,5,0
10,94,4,4
11,149,3,2
8,27,6,6
12,494,2,0
9,60,5,1
10,94,4,5
13,409,1,1
8,27,6,7
9,60,5,2
12,495,2,0
11,150,3,1
13,410,1,0
7,34,7,25
8,27,6,8
9,60,5,3
10,95,4,1
12,496,2,0
9,60,5,4
13,411,1,1
10,95,4,2
11,151,3,0
13,412,1,0
12,497,2,0
9,60,5,5
10,95,4,3
11,151,3,2
7,34,7,31
12,498,2,0
13,413,1,1
11,152,3,0
13,414,1,0
10,95,4,5
11,152,3,1
7,34,7,34
7,34,7,35
7,34,7,36
7,34,7,37
7,34,7,38
7,34,7,39
13,414,1,1
11,152,3,2
13,415,1,1
11,153,3,0
12,501,2,0
13,416,1,0
12,501,2,1
10,96,4,3
11,153,3,2
12,502,2,0
9,61,5,0
11,153,3,3
13,417,1,1
9,61,5,1
11,154,3,0
12,503,2,0
8,28,6,0
10,96,4,5
13,418,1,0
11,154,3,1
9,61,5,2
12,504,2,0
8,28,6,2
13,419,1,1
9,61,5,4
12,505,2,0
11,155,3,0
13,420,1,0
9,61,5,5
11,155,3,1
12,506,2,0
11,155,3,2
9,61,5,6
10,97,4,4
12,507,2,0
13,421,1,1
11,156,3,0
10,97,4,5
11,156,3,1
9,61,5,8
8,28,6,7
13,422,1,0
12,508,2,1
8,28,6,8
11,157,3,0
8,28,6,9
7,35,7,20
12,509,2,1
13,423,1,1
11,157,3,2
7,35,7,21
13,424,1,0
9,62,5,0
12,510,2,1
7,35,7,22
10,98,4,3
7,35,7,23
11,158,3,0
12,511,2,1
9,62,5,2
10,98,4,4
7,35,7,24
11,158,3,1
13,425,1,1
9,62,5,3
12,512,2,1
13,426,1,0
10,98,4,5
9,62,5,4
10,99,4,0
12,513,2,1
9,62,5,5
7,35,7,28
12,514,2,0
13,427,1,1
10,99,4,1
12,514,2,1
11,159,3,2
13,428,1,0
10,99,4,2
11,160,3,0
8,29,6,0
13,429,1,0
7,35,7,32
11,160,3,1
13,429,1,1
12,517,2,1
8,29,6,2
7,35,7,35
7,35,7,36
7,35,7,37
7,35,7,38
7,35,7,39
13,430,1,0
8,29,6,3
12,518,2,1
11,161,3,0
9,63,5,0
10,100,4,1
8,29,6,4
11,161,3,1
12,519,2,1
9,63,5,1
11,161,3,2
13,431,1,1
9,63,5,2
12,520,2,1
13,432,1,0
9,63,5,3
8,29,6,7
11,162,3,0
9,63,5,4
11,162,3,1
12,521,2,1
13,433,1,1
9,63,5,6
12,522,2,1
13,434,1,0
7,36,7,7
8,29,6,10
10,101,4,2
11,163,3,0
8,29,6,11
12,523,2,1
9,63,5,8
12,524,2,0
13,435,1,1
12,524,2,1
11,163,3,2
7,36,7,11
13,436,1,0
9,63,5,10
8,29,6,14
10,102,4,0
11,164,3,0
9,64,5,0
11,164,3,1
13,437,1,1
8,29,6,16
12,527,2,1
13,438,1,0
10,102,4,3
7,36,7,17
12,528,2,1
10,102,4,4
9,64,5,3
9,64,5,4
13,439,1,1
7,36,7,19
8,30,6,0
11,165,3,2
9,64,5,5
13,440,1,0
10,103,4,1
12,530,2,1
10,103,4,2
12,531,2,0
11,166,3,1
12,531,2,1
13,441,1,1
7,36,7,22
11,166,3,2
8,30,6,3
13,442,1,0
11,166,3,3
8,30,6,4
7,36,7,25
8,30,6,5
13,443,1,1
10,104,4,0
7,36,7,26
13,444,1,0
11,167,3,2
12,534,2,1
9,65,5,0
8,30,6,7
11,167,3,3
7,36,7,28
12,535,2,0
11,168,3,0
12,535,2,1
8,30,6,8
13,445,1,1
11,168,3,1
9,65,5,2
8,30,6,9
13,446,1,0
7,36,7,31
9,65,5,3
13,446,1,1
9,65,5,4
11,169,3,1
12,538,2,1
13,447,1,1
11,169,3,2
9,65,5,6
12,539,2,0
13,448,1,0
7,36,7,36
7,36,7,37
7,36,7,38
7,36,7,39
11,170,3,1
9,65,5,8
13,449,1,1
13,450,1,0
10,106,4,0
11,171,3,0
9,65,5,10
12,542,2,1
11,171,3,2
12,543,2,0
10,106,4,2
13,451,1,1
9,66,5,0
13,452,1,0
10,106,4,3
8,31,6,0
9,66,5,1
10,106,4,4
8,31,6,1
11,172,3,1
9,66,5,2
12,545,2,1
13,453,1,1
8,31,6,2
9,66,5,3
13,454,1,0
12,546,2,1
9,66,5,4
10,107,4,1
8,31,6,4
11,173,3,0
12,547,2,1
9,66,5,5
10,107,4,2
8,31,6,5
12,548,2,1
13,455,1,1
11,173,3,2
8,31,6,7
12,549,2,1
13,456,1,0
12,550,2,0
8,31,6,8
11,174,3,1
10,108,4,0
12,550,2,1
11,174,3,2
13,457,1,1
7,37,7,20
11,175,3,0
9,67,5,0
13,458,1,0
7,37,7,22
9,67,5,1
11,175,3,2
7,37,7,23
12,553,2,1
11,175,3,3
13,459,1,1
11,176,3,0
10,109,4,0
13,460,1,0
8,31,6,16
11,176,3,1
9,67,5,4
12,555,2,1
9,67,5,5
7,37,7,28
13,461,1,1
12,556,2,1
11,177,3,0
9,67,5,6
7,37,7,29
13,462,1,0
11,177,3,1
7,37,7,30
12,557,2,1
11,177,3,2
8,32,6,0
9,67,5,8
7,37,7,32
12,558,2,1
13,463,1,1
10,110,4,0
8,32,6,1
11,178,3,0
13,464,1,0
11,178,3,1
12,559,2,1
12,560,2,0
10,110,4,2
13,465,1,1
12,560,2,1
8,32,6,4
10,110,4,3
13,466,1,0
11,179,3,0
7,37,7,37
7,37,7,38
7,37,7,39
9,68,5,0
10,110,4,4
11,179,3,2
8,32,6,6
13,467,1,1
9,68,5,2
10,111,4,0
8,32,6,7
11,180,3,0
13,468,1,0
9,68,5,3
10,111,4,1
11,180,3,1
8,32,6,8
9,68,5,4
12,563,2,1
10,111,4,2
9,68,5,5
12,564,2,1
13,469,1,1
7,38,7,7
13,470,1,0
12,565,2,1
11,181,3,2
12,566,2,1
11,182,3,0
7,38,7,11
13,471,1,1
12,567,2,0
11,182,3,1
13,472,1,0
12,567,2,1
8,32,6,16
9,69,5,0
10,112,4,3
11,183,3,0
13,473,1,1
9,69,5,1
11,183,3,1
13,474,1,0
9,69,5,2
11,183,3,2
7,38,7,17
12,570,2,1
9,69,5,3
10,113,4,0
13,475,1,1
12,571,2,0
7,38,7,19
11,184,3,0
8,33,6,0
13,476,1,0
9,69,5,4
12,571,2,1
7,38,7,20
11,184,3,1
9,69,5,5
7,38,7,22
9,69,5,6
13,477,1,1
11,185,3,0
8,33,6,3
13,478,1,0
10,113,4,4
7,38,7,24
11,185,3,2
9,69,5,8
12,574,2,1
8,33,6,5
13,479,1,1
12,575,2,0
10,114,4,0
11,186,3,0
13,480,1,0
9,69,5,10
10,114,4,1
11,186,3,1
8,33,6,7
10,114,4,2
7,38,7,30
8,33,6,8
9,70,5,0
13,481,1,1
8,33,6,9
13,482,1,0
7,38,7,33
11,187,3,2
12,578,2,1
7,38,7,34
9,70,5,3
13,483,1,1
10,115,4,0
11,188,3,1
9,70,5,4
13,484,1,0
10,115,4,1
11,188,3,2
9,70,5,5
11,188,3,3
7,38,7,38
7,38,7,39
13,485,1,0
12,581,2,1
13,485,1,1
12,582,2,0
11,189,3,2
13,486,1,0
11,189,3,3
10,116,4,0
13,487,1,1
11,190,3,1
13,488,1,0
11,190,3,2
10,116,4,2
9,71,5,0
8,34,6,0
12,585,2,1
9,71,5,1
12,586,2,0
8,34,6,1
11,191,3,1
13,489,1,1
12,586,2,1
9,71,5,2
13,490,1,0
8,34,6,2
11,191,3,3
10,117,4,0
9,71,5,4
8,34,6,4
10,117,4,1
13,491,1,1
9,71,5,5
11,192,3,2
13,492,1,0
10,117,4,2
9,71,5,6
12,589,2,1
10,117,4,3
8,34,6,7
11,193,3,1
10,117,4,4
13,493,1,1
12,590,2,1
9,71,5,8
8,34,6,8
13,494,1,0
11,193,3,3
8,34,6,9
10,118,4,0
9,71,5,10
7,39,7,20
10,118,4,1
12,592,2,1
13,495,1,1
7,39,7,21
11,194,3,2
12,593,2,0
10,118,4,2
13,496,1,0
7,39,7,22
12,593,2,1
9,72,5,1
7,39,7,23
11,195,3,1
13,497,1,1
7,39,7,24
11,195,3,2
9,72,5,3
13,498,1,0
7,39,7,25
8,34,6,16
10,119,4,0
12,596,2,1
9,72,5,5
10,119,4,1
7,39,7,27
12,597,2,0
13,499,1,1
9,72,5,6
10,119,4,2
11,196,3,2
13,500,1,0
12,597,2,1
7,39,7,28
9,72,5,7
11,196,3,3
7,39,7,29
8,35,6,0
13,501,1,0
11,197,3,0
7,39,7,30
9,72,5,9
13,501,1,1
11,197,3,1
7,39,7,31
13,502,1,0
9,72,5,10
8,35,6,2
7,39,7,32
10,120,4,0
12,600,2,1
9,72,5,11
12,601,2,0
10,120,4,1
8,35,6,4
7,39,7,34
13,503,1,1
11,198,3,1
7,39,7,35
13,504,1,0
11,198,3,2
7,39,7,36
8,35,6,7
7,39,7,37
13,505,1,1
7,39,7,38
11,199,3,1
13,506,1,0
8,35,6,9
7,39,7,39
10,121,4,0
12,604,2,1
9,73,5,6
10,121,4,1
13,507,1,1
12,605,2,1
9,73,5,7
10,121,4,2
13,508,1,0
11,200,3,2
9,73,5,8
13,509,1,1
12,607,2,1
13,510,1,0
11,201,3,1
12,608,2,0
10,122,4,0
8,35,6,16
9,73,5,11
10,122,4,1
13,511,1,1
10,122,4,2
9,74,5,1
13,512,1,0
11,202,3,2
13,513,1,0
9,74,5,3
12,611,2,1
13,513,1,1
12,612,2,0
13,514,1,0
12,612,2,1
9,74,5,5
8,36,6,3
11,203,3,1
10,123,4,1
9,74,5,6
11,203,3,2
13,515,1,1
9,74,5,7
11,204,3,0
13,516,1,0
9,74,5,8
12,615,2,1
9,74,5,9
12,616,2,0
11,204,3,2
9,74,5,10
10,124,4,0
13,517,1,1
11,204,3,3
8,36,6,10
9,74,5,11
10,124,4,1
11,205,3,0
13,518,1,0
11,205,3,1
10,124,4,2
8,36,6,12
13,519,1,1
13,520,1,0
12,619,2,1
11,206,3,1
12,620,2,0
8,36,6,15
11,206,3,2
12,620,2,1
13,521,1,1
10,125,4,0
13,522,1,0
9,75,5,6
8,36,6,17
10,125,4,1
9,75,5,7
11,207,3,1
9,75,5,8
8,36,6,19
13,523,1,1
9,75,5,9
13,524,1,0
12,623,2,1
11,208,3,0
10,126,4,0
9,75,5,11
12,624,2,0
13,525,1,1
13,526,1,0
8,37,6,3
11,208,3,2
10,126,4,2
13,527,1,1
11,209,3,1
9,76,5,3
13,528,1,0
12,627,2,1
10,127,4,0
9,76,5,5
13,529,1,1
12,628,2,0
9,76,5,6
11,210,3,2
13,530,1,0
8,37,6,10
10,127,4,2
9,76,5,7
8,37,6,11
10,127,4,3
13,531,1,0
11,211,3,1
8,37,6,12
10,127,4,4
13,531,1,1
11,211,3,2
13,532,1,0
9,76,5,10
11,212,3,0
12,631,2,1
10,128,4,0
9,76,5,11
8,37,6,15
12,632,2,0
11,212,3,1
13,533,1,1
10,128,4,1
11,212,3,2
13,534,1,0
10,128,4,2
8,37,6,17
11,212,3,3
11,213,3,0
8,37,6,18
13,535,1,1
11,213,3,1
8,37,6,19
13,536,1,0
10,129,4,0
12,635,2,1
11,214,3,1
12,636,2,0
13,537,1,1
10,129,4,1
9,77,5,6
11,214,3,2
13,538,1,0
10,129,4,2
9,77,5,7
9,77,5,8
13,539,1,0
11,215,3,1
13,539,1,1
9,77,5,9
13,540,1,0
9,77,5,10
10,130,4,0
12,639,2,1
11,216,3,0
12,640,2,0
9,77,5,11
10,130,4,1
13,541,1,1
8,38,6,10
10,130,4,2
11,216,3,2
13,542,1,0
8,38,6,11
9,78,5,1
13,543,1,0
8,38,6,12
13,543,1,1
9,78,5,3
12,643,2,0
11,217,3,1
13,544,1,0
10,131,4,0
8,38,6,14
12,643,2,1
10,131,4,1
12,644,2,0
9,78,5,5
11,218,3,0
10,131,4,2
8,38,6,16
13,545,1,1
11,218,3,2
9,78,5,7
13,546,1,0
9,78,5,8
8,38,6,19
11,219,3,1
12,647,2,0
9,78,5,9
10,132,4,0
13,547,1,1
11,219,3,2
12,647,2,1
10,132,4,1
13,548,1,0
12,648,2,0
9,78,5,11
10,132,4,2
11,220,3,0
11,220,3,1
8,39,6,3
13,549,1,1
11,220,3,2
12,650,2,0
13,550,1,0
11,220,3,3
10,133,4,0
11,221,3,0
13,551,1,1
11,221,3,1
13,552,1,0
10,133,4,2
9,79,5,6
12,653,2,0
11,222,3,0
13,553,1,0
9,79,5,7
12,653,2,1
11,222,3,1
13,553,1,1
12,654,2,0
11,222,3,2
8,39,6,11
9,79,5,8
13,554,1,0
8,39,6,12
11,223,3,1
8,39,6,13
13,555,1,1
10,134,4,3
13,556,1,0
9,79,5,11
12,656,2,1
8,39,6,15
10,134,4,5
12,657,2,1
9,80,5,1
13,557,1,1
11,224,3,2
13,558,1,0
8,39,6,18
9,80,5,3
12,659,2,1
8,39,6,19
11,225,3,1
13,559,1,1
10,135,4,3
9,80,5,5
13,560,1,0
12,660,2,1
10,135,4,4
12,661,2,0
11,226,3,0
9,80,5,7
12,661,2,1
10,135,4,5
13,561,1,1
9,80,5,8
11,226,3,2
8,40,6,3
13,562,1,0
9,80,5,9
11,227,3,0
9,80,5,10
11,227,3,1
13,563,1,1
9,80,5,11
10,136,4,3
13,564,1,0
12,664,2,1
10,136,4,4
12,665,2,0
11,228,3,1
10,136,4,5
13,565,1,1
11,228,3,2
13,566,1,0
8,40,6,11
12,667,2,1
8,40,6,12
11,229,3,1
13,567,1,1
10,137,4,3
9,81,5,6
12,668,2,1
13,568,1,0
8,40,6,14
9,81,5,7
10,137,4,4
11,230,3,0
8,40,6,15
9,81,5,8
10,137,4,5
13,569,1,1
11,230,3,2
9,81,5,9
12,670,2,1
8,40,6,17
13,570,1,0
8,40,6,18
12,671,2,1
9,81,5,11
11,231,3,1
8,40,6,19
12,672,2,0
13,571,1,1
10,138,4,3
12,672,2,1
13,572,1,0
10,138,4,4
11,232,3,0
10,138,4,5
11,232,3,2
13,573,1,1
9,82,5,3
13,574,1,0
11,233,3,0
12,675,2,1
9,82,5,5
11,233,3,1
9,82,5,6
11,233,3,2
13,575,1,1
10,139,4,3
13,576,1,0
9,82,5,7
10,139,4,4
11,234,3,0
11,234,3,1
10,139,4,5
9,82,5,9
13,577,1,1
11,234,3,2
12,678,2,1
13,578,1,0
9,82,5,10
11,234,3,3
12,679,2,0
8,41,6,10
11,235,3,0
10,140,4,1
9,82,5,11
8,41,6,11
12,679,2,1
11,235,3,1
10,140,4,2
13,579,1,1
8,41,6,12
10,140,4,3
13,580,1,0
11,236,3,0
8,41,6,14
11,236,3,1
10,140,4,5
8,41,6,15
13,581,1,1
11,236,3,2
12,682,2,1
13,582,1,0
8,41,6,16
12,683,2,0
11,237,3,0
12,683,2,1
13,583,1,0
11,237,3,1
9,83,5,6
13,583,1,1
10,141,4,3
9,83,5,7
13,584,1,0
8,41,6,19
9,83,5,8
11,238,3,0
11,238,3,1
10,141,4,5
9,83,5,9
13,585,1,1
11,238,3,2
12,686,2,1
13,586,1,0
9,83,5,10
12,687,2,0
11,239,3,0
9,83,5,11
8,42,6,3
11,239,3,1
13,587,1,1
13,588,1,0
9,84,5,1
8,42,6,5
10,142,4,4
11,240,3,0
9,84,5,2
13,589,1,1
10,142,4,5
13,590,1,0
11,240,3,2
9,84,5,3
12,690,2,1
9,84,5,4
8,42,6,8
12,691,2,0
11,241,3,0
13,591,1,0
8,42,6,9
13,591,1,1
9,84,5,5
11,241,3,1
13,592,1,0
10,143,4,3
9,84,5,7
10,143,4,4
11,242,3,0
8,42,6,12
13,593,1,1
12,694,2,0
11,242,3,1
10,143,4,5
13,594,1,0
12,694,2,1
9,84,5,9
11,242,3,2
12,695,2,0
9,84,5,10
13,595,1,0
11,243,3,0
8,42,6,15
9,84,5,11
11,243,3,1
13,595,1,1
8,42,6,16
13,596,1,0
12,697,2,1
8,42,6,17
10,144,4,4
11,244,3,0
12,698,2,1
11,244,3,1
13,597,1,1
8,42,6,19
11,244,3,2
13,598,1,0
9,85,5,5
11,245,3,0
12,700,2,1
10,145,4,3
11,245,3,1
9,85,5,6
13,599,1,1
10,145,4,4
13,600,1,0
12,701,2,1
9,85,5,8
12,702,2,0
10,145,4,5
12,702,2,1
13,601,1,1
11,246,3,2
13,602,1,0
9,85,5,10
11,247,3,0
11,247,3,1
13,603,1,1
10,146,4,3
13,604,1,0
10,146,4,4
12,705,2,1
8,43,6,10
9,86,5,3
12,706,2,0
13,605,1,0
10,146,4,5
8,43,6,11
11,248,3,1
13,605,1,1
8,43,6,12
9,86,5,5
11,248,3,2
13,606,1,0
9,86,5,6
9,86,5,7
13,607,1,1
12,708,2,1
11,249,3,1
13,608,1,0
10,147,4,4
12,709,2,1
9,86,5,10
10,147,4,5
8,43,6,17
13,609,1,0
11,250,3,0
9,86,5,11
13,609,1,1
8,43,6,19
13,610,1,0
11,250,3,2
12,711,2,1
10,148,4,3
10,148,4,4
12,712,2,1
13,611,1,1
11,251,3,1
12,713,2,0
10,148,4,5
13,612,1,0
12,713,2,1
9,87,5,6
11,252,3,0
9,87,5,7
13,613,1,1
11,252,3,2
13,614,1,0
9,87,5,8
10,149,4,3
12,716,2,1
13,615,1,0
10,149,4,4
11,253,3,1
13,615,1,1
11,253,3,2
10,149,4,5
9,87,5,11
13,616,1,0
12,718,2,1
8,44,6,11
11,254,3,0
10,150,4,1
8,44,6,12
12,719,2,1
11,254,3,1
13,617,1,1
10,150,4,2
8,44,6,13
12,720,2,0
13,618,1,0
9,88,5,3
11,254,3,2
12,720,2,1
8,44,6,14
10,150,4,3
11,254,3,3
10,150,4,4
9,88,5,5
13,619,1,1
11,255,3,0
10,150,4,5
13,620,1,0
11,255,3,1
9,88,5,7
9,88,5,8
8,44,6,18
12,723,2,1
13,621,1,1
11,256,3,0
8,44,6,19
12,724,2,0
13,622,1,0
11,256,3,1
10,151,4,3
11,256,3,2
12,724,2,1
9,88,5,11
10,151,4,5
11,257,3,0
13,623,1,1
11,257,3,1
13,624,1,0
11,258,3,0
12,727,2,1
13,625,1,1
11,258,3,1
12,728,2,0
11,258,3,2
13,626,1,0
10,152,4,4
9,89,5,6
10,152,4,5
11,259,3,0
13,627,1,0
11,259,3,1
9,89,5,8
13,627,1,1
9,89,5,9
8,45,6,10
13,628,1,0
11,260,3,0
8,45,6,11
11,260,3,1
8,45,6,12
11,260,3,2
9,89,5,11
10,153,4,3
12,731,2,1
13,629,1,1
11,261,3,0
10,153,4,4
8,45,6,14
13,630,1,0
11,261,3,1
12,732,2,0
10,153,4,5
8,45,6,15
9,90,5,3
8,45,6,16
13,631,1,0
11,262,3,0
10,154,4,1
8,45,6,17
9,90,5,5
13,631,1,1
11,262,3,1
8,45,6,18
9,90,5,6
13,632,1,0
11,262,3,2
8,45,6,19
8,46,6,0
10,154,4,5
11,263,3,0
12,735,2,1
13,633,1,1
9,90,5,10
11,263,3,1
13,634,1,0
9,90,5,11
8,46,6,3
10,155,4,2
11,264,3,0
11,264,3,1
8,46,6,5
13,635,1,1
11,264,3,2
13,636,1,0
11,265,3,0
8,46,6,7
12,738,2,1
11,265,3,1
8,46,6,8
12,739,2,0
13,637,1,0
9,91,5,6
8,46,6,9
12,739,2,1
13,637,1,1
11,266,3,0
9,91,5,7
10,156,4,3
11,266,3,1
13,638,1,0
9,91,5,8
11,266,3,2
10,156,4,4
9,91,5,9
10,156,4,5
9,91,5,10
11,267,3,1
13,639,1,1
11,267,3,2
9,91,5,11
10,157,4,1
13,640,1,0
11,267,3,3
9,92,5,0
10,157,4,2
12,742,2,1
9,92,5,1
10,157,4,3
11,268,3,2
9,92,5,2
11,268,3,3
13,641,1,1
9,92,5,3
10,157,4,5
11,269,3,1
9,92,5,4
13,642,1,1
11,269,3,2
12,744,2,1
9,92,5,5
11,269,3,3
13,643,1,0
12,745,2,1
11,270,3,2
12,746,2,0
11,270,3,3
13,644,1,1
12,746,2,1
10,158,4,5
11,271,3,1
13,645,1,0
11,271,3,2
11,271,3,3
9,93,5,0
13,646,1,1
9,93,5,1
11,272,3,2
13,647,1,0
11,272,3,3
12,749,2,1
10,159,4,5
12,750,2,0
11,273,3,1
9,93,5,4
11,273,3,2
12,750,2,1
13,648,1,1
8,47,6,13
9,93,5,5
11,273,3,3
13,649,1,0
10,160,4,3
9,93,5,6
10,160,4,4
11,274,3,2
11,274,3,3
9,93,5,8
8,47,6,18
11,275,3,1
13,650,1,1
10,161,4,1
12,753,2,1
11,275,3,2
13,651,1,0
10,161,4,2
11,275,3,3
12,754,2,0
10,161,4,3
11,276,3,2
8,48,6,3
9,94,5,3
13,652,1,1
10,161,4,5
11,276,3,3
13,653,1,0
9,94,5,5
11,277,3,1
11,277,3,2
11,277,3,3
9,94,5,8
12,757,2,1
13,654,1,1
13,655,1,0
11,278,3,2
11,278,3,3
11,279,3,0
8,48,6,12
12,759,2,1
11,279,3,1
13,656,1,1
8,48,6,13
11,279,3,2
13,657,1,0
11,279,3,3
12,760,2,1
8,48,6,15
12,761,2,0
11,280,3,1
10,163,4,5
11,280,3,2
13,658,1,1
9,95,5,6
13,659,1,0
8,48,6,18
11,281,3,1
9,95,5,8
8,48,6,19
10,164,4,3
11,281,3,3
13,660,1,1
10,164,4,4
9,95,5,11
11,282,3,2
13,661,1,0
12,764,2,1
12,765,2,0
9,96,5,1
10,165,4,1
11,283,3,1
12,765,2,1
13,662,1,1
10,165,4,2
11,283,3,3
9,96,5,3
13,663,1,0
9,96,5,5
11,284,3,2
10,165,4,5
13,664,1,0
9,96,5,7
13,664,1,1
12,768,2,1
8,49,6,10
11,285,3,1
9,96,5,8
11,285,3,2
13,665,1,0
12,769,2,0
8,49,6,11
9,96,5,9
10,166,4,3
9,96,5,11
13,666,1,1
11,286,3,2
8,49,6,14
13,667,1,0
11,286,3,3
8,49,6,16
11,287,3,1
13,668,1,1
12,772,2,1
10,167,4,4
13,669,1,0
12,773,2,0
9,97,5,6
8,49,6,19
11,288,3,2
12,773,2,1
11,288,3,3
9,97,5,8
13,670,1,1
9,97,5,9
11,289,3,1
13,671,1,0
11,289,3,2
10,168,4,3
11,289,3,3
9,97,5,11
10,168,4,4
13,672,1,0
10,168,4,5
11,290,3,2
12,776,2,1
13,672,1,1
10,169,4,0
12,777,2,0
11,290,3,3
13,673,1,0
9,98,5,3
10,169,4,1
11,291,3,1
10,169,4,2
9,98,5,5
11,291,3,2
9,98,5,6
11,291,3,3
13,674,1,1
13,675,1,0
8,50,6,13
11,292,3,2
10,170,4,0
8,50,6,14
11,292,3,3
9,98,5,10
12,780,2,1
10,170,4,1
13,676,1,1
9,98,5,11
11,293,3,1
12,781,2,0
13,677,1,0
11,293,3,3
8,50,6,18
13,678,1,1
11,294,3,2
10,171,4,0
11,294,3,3
13,679,1,0
11,295,3,1
10,171,4,2
8,51,6,3
9,99,5,6
11,295,3,2
12,784,2,1
13,680,1,1
11,295,3,3
9,99,5,7
13,681,1,0
9,99,5,8
12,785,2,0
9,99,5,9
10,172,4,0
11,296,3,2
9,99,5,10
11,296,3,3
13,682,1,1
9,99,5,11
10,172,4,2
13,683,1,0
10,172,4,3
11,297,3,1
11,297,3,2
10,172,4,4
8,51,6,12
11,297,3,3
13,684,1,1
9,100,5,3
13,685,1,0
10,173,4,0
8,51,6,14
12,788,2,1
9,100,5,5
10,173,4,1
8,51,6,15
11,298,3,2
12,789,2,0
13,686,1,0
10,173,4,2
11,298,3,3
13,686,1,1
11,299,3,0
9,100,5,8
11,299,3,1
13,687,1,0
8,51,6,18
11,299,3,2
8,51,6,19
11,299,3,3
13,688,1,1
11,300,3,1
12,792,2,0
11,300,3,2
13,689,1,0
12,792,2,1
12,793,2,0
10,174,4,4
11,300,3,3
13,690,1,0
13,690,1,1
11,301,3,1
13,691,1,0
9,101,5,6
11,301,3,3
9,101,5,8
10,175,4,4
11,302,3,2
13,692,1,1
8,52,6,10
9,101,5,9
10,175,4,5
8,52,6,11
13,693,1,0
12,796,2,1
11,303,3,1
9,101,5,11
12,797,2,0
8,52,6,14
11,303,3,3
13,694,1,1
9,102,5,1
8,52,6,15
10,176,4,3
13,695,1,0
8,52,6,16
10,176,4,4
11,304,3,2
9,102,5,3
10,176,4,5
13,696,1,0
13,696,1,1
11,305,3,1
9,102,5,5
8,52,6,19
11,305,3,2
13,697,1,0
9,102,5,7
12,800,2,1
9,102,5,8
12,801,2,0
10,177,4,4
13,698,1,1
9,102,5,9
12,801,2,1
11,306,3,2
8,53,6,3
13,699,1,0
11,306,3,3
9,102,5,11
11,307,3,1
8,53,6,5
11,307,3,3
13,700,1,1
10,178,4,4
13,701,1,0
8,53,6,8
10,178,4,5
11,308,3,2
12,804,2,1
8,53,6,9
12,805,2,0
9,103,5,6
13,702,1,1
11,309,3,1
13,703,1,0
8,53,6,12
9,103,5,8
10,179,4,3
9,103,5,9
10,179,4,4
13,704,1,1
8,53,6,15
10,179,4,5
9,103,5,11
11,310,3,2
13,705,1,0
8,53,6,16
12,808,2,0
10,180,4,1
12,808,2,1
11,311,3,1
8,53,6,18
10,180,4,2
13,706,1,1
12,809,2,0
11,311,3,2
9,104,5,3
8,53,6,19
13,707,1,0
11,311,3,3
9,104,5,5
10,180,4,5
13,708,1,0
9,104,5,6
11,312,3,2
13,708,1,1
11,312,3,3
13,709,1,0
11,313,3,0
9,104,5,9
11,313,3,1
10,181,4,3
11,313,3,2
9,104,5,10
12,812,2,1
13,710,1,1
11,313,3,3
9,104,5,11
12,813,2,0
10,181,4,5
13,711,1,0
11,314,3,1
11,314,3,2
13,712,1,0
8,54,6,10
11,315,3,1
8,54,6,11
13,712,1,1
9,105,5,6
11,315,3,3
13,713,1,0
10,182,4,4
9,105,5,7
9,105,5,8
10,182,4,5
8,54,6,15
12,816,2,1
11,316,3,2
9,105,5,9
13,714,1,1
9,105,5,10
12,817,2,0
8,54,6,17
9,105,5,11
13,715,1,0
12,817,2,1
11,317,3,1
9,106,5,1
8,54,6,19
10,183,4,3
11,317,3,3
9,106,5,2
9,106,5,3
10,183,4,4
13,716,1,1
9,106,5,4
11,318,3,2
10,183,4,5
9,106,5,5
13,717,1,0
10,184,4,0
12,820,2,1
11,319,3,1
9,106,5,7
10,184,4,1
13,718,1,0
11,319,3,2
10,184,4,2
13,718,1,1
9,106,5,9
13,719,1,0
9,106,5,11
11,320,3,2
11,320,3,3
13,720,1,1
11,321,3,0
12,823,2,1
13,721,1,0
11,321,3,1
8,55,6,11
12,824,2,0
11,321,3,2
9,107,5,5
12,824,2,1
11,321,3,3
9,107,5,6
8,55,6,13
13,722,1,1
10,185,4,4
8,55,6,14
11,322,3,1
9,107,5,8
11,322,3,2
8,55,6,15
13,723,1,1
9,107,5,10
13,724,1,0
9,107,5,11
11,323,3,1
8,55,6,18
12,827,2,1
13,725,1,1
8,55,6,19
9,108,5,3
12,828,2,0
10,186,4,4
13,726,1,0
9,108,5,5
11,324,3,2
12,828,2,1
10,186,4,5
9,108,5,6
13,727,1,1
11,325,3,1
9,108,5,9
13,728,1,0
9,108,5,10
11,325,3,3
10,187,4,3
9,108,5,11
10,187,4,4
11,326,3,2
12,831,2,1
13,729,1,1
10,187,4,5
12,832,2,0
13,730,1,0
11,327,3,1
11,327,3,2
9,109,5,6
8,56,6,10
9,109,5,7
13,731,1,1
9,109,5,8
8,56,6,11
10,188,4,4
13,732,1,0
11,328,3,2
8,56,6,12
11,328,3,3
9,109,5,11
11,329,3,0
8,56,6,14
11,329,3,1
13,733,1,1
12,835,2,1
8,56,6,15
11,329,3,3
9,110,5,3
12,836,2,0
8,56,6,16
13,734,1,1
10,189,4,4
11,330,3,1
9,110,5,5
8,56,6,17
13,735,1,0
11,330,3,2
10,189,4,5
8,56,6,18
9,110,5,8
8,56,6,19
9,110,5,9
11,331,3,1
13,736,1,1
9,110,5,11
13,737,1,0
10,190,4,3
10,190,4,4
12,839,2,1
11,332,3,2
10,190,4,5
12,840,2,0
13,738,1,1
13,739,1,0
10,191,4,1
11,333,3,1
9,111,5,6
8,57,6,5
10,191,4,2
9,111,5,8
8,57,6,6
13,740,1,1
9,111,5,9
10,191,4,4
10,191,4,5
8,57,6,8
11,334,3,2
9,111,5,11
13,741,1,1
12,843,2,1
13,742,1,0
12,844,2,0
11,335,3,1
9,112,5,3
11,335,3,2
12,844,2,1
10,192,4,3
13,743,1,1
9,112,5,5
9,112,5,6
13,744,1,0
10,192,4,5
11,336,3,2
11,336,3,3
11,337,3,0
8,57,6,16
13,745,1,1
9,112,5,10
11,337,3,1
9,112,5,11
13,746,1,0
12,847,2,1
10,193,4,4
10,193,4,5
13,747,1,1
11,338,3,1
13,748,1,0
11,338,3,2
9,113,5,6
11,339,3,1
10,194,4,3
13,749,1,1
9,113,5,7
13,750,1,0
9,113,5,8
10,194,4,4
9,113,5,9
11,340,3,0
10,194,4,5
9,113,5,10
13,751,1,1
11,340,3,2
9,113,5,11
13,752,1,0
12,850,2,1
8,58,6,8
10,195,4,1
8,58,6,9
11,341,3,1
12,851,2,0
9,114,5,2
13,753,1,1
9,114,5,3
13,754,1,0
12,851,2,1
11,342,3,0
9,114,5,5
11,342,3,2
13,755,1,1
13,756,1,0
10,196,4,2
11,343,3,1
8,58,6,16
11,343,3,2
13,757,1,1
10,196,4,5
13,758,1,0
11,344,3,0
9,115,5,3
11,344,3,1
13,759,1,1
9,115,5,6
10,197,4,3
12,854,2,1
13,760,1,0
10,197,4,4
11,345,3,0
9,115,5,8
10,197,4,5
12,855,2,0
11,345,3,1
9,115,5,10
11,345,3,2
13,761,1,1
10,198,4,1
12,855,2,1
13,762,1,0
10,198,4,2
11,346,3,1
9,116,5,3
10,198,4,4
8,59,6,10
9,116,5,4
13,763,1,1
10,198,4,5
9,116,5,5
8,59,6,11
13,764,1,0
11,347,3,2
12,858,2,1
11,347,3,3
12,859,2,0
8,59,6,14
11,348,3,1
13,765,1,1
8,59,6,16
13,766,1,0
11,348,3,3
10,199,4,5
13,767,1,1
11,349,3,2
8,59,6,19
12,862,2,1
13,768,1,0
11,349,3,3
9,117,5,5
9,117,5,6
11,350,3,1
11,350,3,2
10,200,4,5
13,769,1,1
9,117,5,8
11,350,3,3
13,770,1,0
8,60,6,3
9,117,5,10
12,865,2,1
11,351,3,2
12,866,2,0
13,771,1,1
11,351,3,3
12,866,2,1
8,60,6,5
10,201,4,3
13,772,1,0
11,352,3,1
10,201,4,4
9,118,5,3
8,60,6,8
13,773,1,1
9,118,5,5
8,60,6,9
13,774,1,0
12,869,2,1
9,118,5,6
10,202,4,1
12,870,2,0
11,353,3,2
10,202,4,2
12,870,2,1
11,353,3,3
13,775,1,1
8,60,6,12
9,118,5,10
13,776,1,0
11,354,3,1
10,202,4,4
9,118,5,11
10,202,4,5
11,354,3,3
8,60,6,15
12,873,2,1
13,777,1,1
8,60,6,16
12,874,2,0
13,778,1,0
11,355,3,2
11,355,3,3
9,119,5,6
13,779,1,1
9,119,5,7
11,356,3,1
8,60,6,19
13,780,1,0
9,119,5,8
11,356,3,2
9,119,5,9
11,356,3,3
9,119,5,10
13,781,1,1
9,119,5,11
13,782,1,0
12,877,2,1
12,878,2,0
9,120,5,1
12,878,2,1
9,120,5,2
13,783,1,1
10,204,4,5
11,357,3,2
9,120,5,3
13,784,1,0
11,357,3,3
9,120,5,4
9,120,5,5
11,358,3,0
9,120,5,7
10,205,4,3
11,358,3,1
13,785,1,1
12,881,2,1
13,786,1,0
10,205,4,4
8,61,6,10
9,120,5,9
12,882,2,0
11,358,3,3
13,787,1,0
9,120,5,11
11,359,3,1
13,787,1,1
10,206,4,1
11,359,3,2
13,788,1,0
10,206,4,2
11,360,3,1
12,885,2,1
13,789,1,1
9,121,5,5
8,61,6,17
11,360,3,3
12,886,2,0
13,790,1,0
9,121,5,6
10,206,4,5
8,61,6,19
9,121,5,8
11,361,3,2
13,791,1,1
13,792,1,0
9,121,5,10
10,207,4,3
11,362,3,1
13,793,1,1
12,889,2,1
11,362,3,3
13,794,1,0
12,890,2,0
9,122,5,3
9,122,5,5
11,363,3,2
13,795,1,1
13,796,1,0
11,364,3,1
11,364,3,2
13,797,1,1
9,122,5,10
12,893,2,1
10,208,4,4
13,798,1,0
9,122,5,11
12,894,2,0
8,62,6,11
13,799,1,1
11,365,3,2
13,800,1,0
11,365,3,3
11,366,3,0
9,123,5,6
10,209,4,3
11,366,3,1
13,801,1,1
12,897,2,1
13,802,1,0
10,209,4,4
9,123,5,8
8,62,6,17
12,898,2,0
10,209,4,5
13,803,1,0
11,367,3,0
8,62,6,18
10,210,4,0
9,123,5,11
13,803,1,1
11,367,3,1
8,62,6,19
13,804,1,0
10,210,4,1
11,367,3,2
10,210,4,2
9,124,5,3
13,805,1,1
11,368,3,1
12,901,2,1
13,806,1,0
12,902,2,0
9,124,5,5
13,807,1,1
11,369,3,2
13,808,1,0
11,369,3,3
9,124,5,10
11,370,3,1
9,124,5,11
13,809,1,1
12,905,2,1
13,810,1,0
11,370,3,3
12,906,2,0
8,63,6,10
13,811,1,1
8,63,6,11
11,371,3,2
13,812,1,0
11,371,3,3
8,63,6,12
9,125,5,6
11,372,3,1
8,63,6,14
11,372,3,2
13,813,1,1
12,909,2,1
9,125,5,8
11,372,3,3
12,910,2,0
13,814,1,0
8,63,6,16
9,125,5,11
13,815,1,1
11,373,3,2
13,816,1,0
11,373,3,3
10,213,4,3
8,63,6,19
9,126,5,3
13,817,1,0
11,374,3,1
10,213,4,4
12,913,2,1
13,817,1,1
9,126,5,5
12,914,2,0
10,213,4,5
13,818,1,0
9,126,5,6
12,914,2,1
10,214,4,0
8,64,6,3
11,375,3,2
10,214,4,1
13,819,1,1
11,375,3,3
10,214,4,2
13,820,1,0
9,126,5,11
11,376,3,1
8,64,6,5
12,917,2,1
11,376,3,3
13,821,1,1
12,918,2,0
13,822,1,0
11,377,3,2
8,64,6,8
11,377,3,3
8,64,6,9
13,823,1,1
9,127,5,6
13,824,1,0
11,378,3,1
9,127,5,7
11,378,3,2
9,127,5,8
11,378,3,3
9,127,5,9
8,64,6,12
13,825,1,1
12,921,2,1
9,127,5,10
13,826,1,0
11,379,3,2
11,379,3,3
11,380,3,0
13,827,1,1
9,128,5,1
8,64,6,15
11,380,3,1
13,828,1,0
9,128,5,2
12,924,2,1
9,128,5,3
11,380,3,3
13,829,1,1
12,925,2,0
9,128,5,4
13,830,1,0
11,381,3,1
9,128,5,5
11,381,3,2
8,64,6,19
11,381,3,3
9,128,5,7
13,831,1,1
13,832,1,0
11,382,3,1
10,217,4,3
9,128,5,9
12,928,2,1
11,382,3,3
10,217,4,4
13,833,1,0
9,128,5,11
12,929,2,0
10,217,4,5
13,833,1,1
12,929,2,1
11,383,3,2
13,834,1,0
10,218,4,1
11,384,3,1
10,218,4,2
9,129,5,5
13,835,1,1
9,129,5,6
13,836,1,0
11,384,3,3
12,932,2,1
12,933,2,0
9,129,5,8
10,218,4,5
13,837,1,1
11,385,3,2
13,838,1,0
8,65,6,13
13,839,1,1
11,386,3,1
13,840,1,0
11,386,3,2
10,219,4,3
9,130,5,3
12,936,2,1
12,937,2,0
13,841,1,0
9,130,5,5
12,937,2,1
13,841,1,1
10,219,4,5
13,842,1,0
11,387,3,2
8,65,6,18
11,387,3,3
13,843,1,1
13,844,1,0
11,388,3,1
12,940,2,1
10,220,4,4
12,941,2,0
10,220,4,5
13,845,1,1
13,846,1,0
9,131,5,6
11,389,3,2
13,847,1,0
10,221,4,3
9,131,5,8
13,847,1,1
10,221,4,4
12,944,2,1
13,848,1,0
11,390,3,1
9,131,5,11
10,221,4,5
12,945,2,0
11,390,3,3
13,849,1,1
10,222,4,1
9,132,5,3
13,850,1,0
11,391,3,2
8,66,6,14
9,132,5,5
11,392,3,1
13,851,1,1
12,948,2,1
11,392,3,2
13,852,1,0
12,949,2,0
11,392,3,3
8,66,6,18
9,132,5,11
8,66,6,19
10,223,4,2
13,853,1,1
11,393,3,2
13,854,1,0
11,393,3,3
11,394,3,0
12,952,2,1
13,855,1,0
11,394,3,1
9,133,5,6
13,855,1,1
11,394,3,3
13,856,1,0
9,133,5,8
10,224,4,3
11,395,3,1
11,395,3,2
13,857,1,1
10,224,4,4
9,133,5,11
11,395,3,3
12,955,2,1
13,858,1,0
8,67,6,10
12,956,2,0
10,224,4,5
11,396,3,1
8,67,6,11
13,859,1,1
9,134,5,3
11,396,3,3
13,860,1,0
10,225,4,1
10,225,4,2
9,134,5,5
8,67,6,14
9,134,5,6
11,397,3,2
13,861,1,1
8,67,6,15
12,959,2,1
13,862,1,0
8,67,6,16
10,225,4,5
12,960,2,0
11,398,3,1
9,134,5,11
11,398,3,3
8,67,6,19
13,863,1,1
11,399,3,2
13,864,1,0
10,226,4,5
11,400,3,1
11,400,3,2
8,68,6,3
12,963,2,1
13,865,1,1
9,135,5,6
12,964,2,0
9,135,5,7
13,866,1,0
8,68,6,5
9,135,5,8
11,401,3,2
9,135,5,9
9,135,5,10
10,227,4,5
11,401,3,3
13,867,1,1
8,68,6,8
11,402,3,0
13,868,1,0
8,68,6,9
11,402,3,1
9,136,5,1
9,136,5,2
9,136,5,3
10,228,4,3
11,402,3,3
12,967,2,1
13,869,1,1
9,136,5,4
10,228,4,4
9,136,5,5
11,403,3,1
12,968,2,0
13,870,1,0
11,403,3,2
12,968,2,1
11,403,3,3
10,229,4,1
8,68,6,16
13,871,1,1
10,229,4,2
11,404,3,1
13,872,1,0
9,136,5,11
8,68,6,19
10,229,4,5
12,971,2,1
13,873,1,1
11,405,3,2
12,972,2,0
13,874,1,0
9,137,5,5
9,137,5,6
11,406,3,1
9,137,5,8
13,875,1,1
11,406,3,3
10,230,4,5
13,876,1,0
11,407,3,2
12,975,2,1
13,877,1,1
12,976,2,0
13,878,1,0
11,408,3,1
9,138,5,3
11,408,3,2
8,69,6,10
13,879,1,1
9,138,5,5
10,231,4,5
8,69,6,11
13,880,1,0
9,138,5,6
11,409,3,2
12,979,2,1
11,409,3,3
13,881,1,1
12,980,2,0
13,882,1,0
11,410,3,0
10,232,4,3
9,138,5,11
11,410,3,1
10,232,4,4
8,69,6,17
11,410,3,3
13,883,1,1
13,884,1,0
11,411,3,1
11,411,3,2
8,69,6,19
10,233,4,1
13,885,1,0
12,983,2,1
9,139,5,6
13,885,1,1
12,984,2,0
10,233,4,2
11,412,3,1
13,886,1,0
9,139,5,7
12,984,2,1
9,139,5,8
13,887,1,1
10,233,4,5
13,888,1,0
11,413,3,2
12,987,2,1
13,889,1,1
11,414,3,1
9,140,5,3
12,988,2,0
10,234,4,3
13,890,1,0
9,140,5,5
13,891,1,1
11,415,3,2
13,892,1,0
9,140,5,8
8,70,6,11
13,893,1,0
11,416,3,1
13,893,1,1
12,991,2,1
11,416,3,2
9,140,5,11
13,894,1,0
8,70,6,13
12,992,2,0
10,235,4,4
8,70,6,14
13,895,1,1
11,417,3,2
13,896,1,0
11,417,3,3
11,418,3,0
13,897,1,0
11,418,3,1
9,141,5,6
12,995,2,1
8,70,6,18
10,236,4,3
13,897,1,1
12,996,2,0
8,70,6,19
9,141,5,8
13,898,1,0
10,236,4,4
9,141,5,9
11,419,3,0
10,236,4,5
11,419,3,1
13,899,1,0
13,899,1,1
11,419,3,2
13,900,1,0
10,237,4,1
12,999,2,1
11,420,3,1
9,142,5,3
13,901,1,1
12,1000,2,0
13,902,1,0
9,142,5,5
9,142,5,6
13,903,1,1
11,421,3,2
13,904,1,0
10,238,4,2
9,142,5,10
12,1003,2,1
13,905,1,1
11,422,3,1
8,71,6,10
12,1004,2,0
13,906,1,0
8,71,6,11
13,907,1,0
8,71,6,12
13,907,1,1
13,908,1,0
11,423,3,2
8,71,6,14
13,909,1,1
9,143,5,6
8,71,6,15
11,424,3,1
10,239,4,3
12,1007,2,1
13,910,1,0
9,143,5,7
11,424,3,2
8,71,6,16
12,1008,2,0
10,239,4,4
11,424,3,3
9,143,5,8
13,911,1,0
8,71,6,17
9,143,5,9
13,911,1,1
13,912,1,0
9,143,5,10
8,71,6,18
11,425,3,2
9,143,5,11
10,240,4,1
11,425,3,3
8,71,6,19
10,240,4,2
13,913,1,0
11,426,3,0
13,913,1,1
11,426,3,1
12,1011,2,1
13,914,1,0
12,1012,2,0
11,427,3,0
13,915,1,1
11,427,3,1
13,916,1,0
11,427,3,2
13,917,1,0
13,917,1,1
11,428,3,1
13,918,1,0
12,1015,2,1
13,919,1,1
10,242,4,5
11,429,3,2
13,920,1,0
11,430,3,1
13,921,1,1
10,243,4,3
13,922,1,0
10,243,4,4
13,923,1,1
11,431,3,2
10,244,4,1
13,924,1,0
10,244,4,2
11,432,3,1
13,925,1,1
11,432,3,2
10,244,4,5
13,926,1,0
11,432,3,3
13,927,1,0
13,927,1,1
13,928,1,0
11,433,3,2
11,433,3,3
11,434,3,0
13,929,1,1
11,434,3,1
13,930,1,0
13,931,1,0
11,434,3,3
10,246,4,5
13,931,1,1
13,932,1,0
11,435,3,1
13,933,1,0
11,435,3,2
13,933,1,1
10,247,4,3
13,934,1,0
10,247,4,4
11,436,3,1
13,935,1,1
10,248,4,1
13,936,1,0
11,436,3,3
10,248,4,2
13,937,1,0
13,937,1,1
11,437,3,2
10,248,4,5
13,938,1,0
11,438,3,1
10,249,4,3
13,939,1,1
13,940,1,0
11,438,3,3
13,941,1,1
11,439,3,2
13,942,1,0
10,250,4,4
13,943,1,1
11,440,3,1
13,944,1,0
11,440,3,2
10,251,4,3
10,251,4,4
13,945,1,1
10,251,4,5
13,946,1,0
10,252,4,0
11,441,3,2
10,252,4,1
11,441,3,3
10,252,4,2
11,442,3,1
13,947,1,1
13,948,1,0
10,252,4,5
13,949,1,1
10,253,4,1
11,443,3,2
13,950,1,0
11,444,3,1
13,951,1,1
13,952,1,0
10,254,4,2
13,953,1,1
11,445,3,2
13,954,1,0
11,446,3,1
13,955,1,1
11,446,3,2
13,956,1,0
11,446,3,3
10,255,4,3
10,255,4,4
13,957,1,0
11,447,3,2
13,957,1,1
11,447,3,3
10,256,4,1
13,958,1,0
11,448,3,0
10,256,4,2
11,448,3,1
11,448,3,3
13,959,1,1
10,256,4,5
13,960,1,0
11,449,3,1
11,449,3,2
13,961,1,1
13,962,1,0
11,450,3,1
11,450,3,3
13,963,1,1
13,964,1,0
11,451,3,2
13,965,1,0
13,965,1,1
10,259,4,3
11,452,3,1
13,966,1,0
10,259,4,4
11,452,3,3
13,967,1,1
10,260,4,1
11,453,3,2
13,968,1,0
10,260,4,2
10,260,4,5
13,969,1,1
11,454,3,1
13,970,1,0
11,454,3,2
13,971,1,0
13,971,1,1
11,455,3,2
13,972,1,0
11,455,3,3
11,456,3,0
13,973,1,1
11,456,3,1
13,974,1,0
11,456,3,3
13,975,1,1
11,457,3,1
13,976,1,0
11,457,3,2
10,263,4,3
13,977,1,1
10,263,4,4
11,458,3,1
13,978,1,0
11,458,3,3
13,979,1,0
10,264,4,1
13,979,1,1
10,264,4,2
13,980,1,0
11,459,3,2
13,981,1,1
13,982,1,0
11,460,3,1
13,983,1,0
11,460,3,3
13,983,1,1
10,265,4,3
13,984,1,0
11,461,3,2
13,985,1,0
13,985,1,1
13,986,1,0
11,462,3,1
11,462,3,2
10,266,4,4
13,987,1,1
13,988,1,0
11,463,3,2
13,989,1,0
11,463,3,3
13,989,1,1
11,464,3,0
10,267,4,3
13,990,1,0
11,464,3,1
10,267,4,4
13,991,1,0
10,267,4,5
11,464,3,3
13,991,1,1
13,992,1,0
11,465,3,1
11,465,3,2
13,993,1,1
13,994,1,0
11,466,3,1
13,995,1,1
13,996,1,0
11,467,3,2
13,997,1,1
13,998,1,0
11,468,3,1
13,999,1,0
13,999,1,1
13,1000,1,0
11,469,3,2
13,1001,1,1
13,1002,1,0
11,470,3,1
11,470,3,2
13,1003,1,0
13,1003,1,1
13,1004,1,0
11,471,3,2
13,1005,1,0
11,471,3,3
13,1005,1,1
13,1006,1,0
11,472,3,1
13,1007,1,1
13,1008,1,0
11,473,3,2
13,1009,1,0
13,1009,1,1
13,1010,1,0
11,474,3,1
13,1011,1,0
13,1011,1,1
13,1012,1,0
13,1012,1,1
11,475,3,2
13,1013,1,1
13,1014,1,0
11,476,3,1
13,1014,1,1
11,476,3,2
13,1015,1,1
13,1016,1,0
11,477,3,2
11,477,3,3
13,1017,1,1
11,478,3,0
13,1018,1,0
11,478,3,1
13,1018,1,1
13,1019,1,1
13,1020,1,0
13,1020,1,1
11,479,3,1
11,479,3,2
13,1021,1,1
13,1022,1,0
11,480,3,1
13,1023,1,1
13,1024,1,0
13,1024,1,1
11,481,3,2
13,1025,1,1
13,1026,1,0
11,482,3,1
13,1027,1,1
11,482,3,3
13,1028,1,0
11,483,3,2
13,1029,1,1
13,1030,1,0
11,484,3,1
11,484,3,2
13,1031,1,1
13,1032,1,0
13,1032,1,1
11,485,3,2
13,1033,1,1
11,485,3,3
13,1034,1,0
11,486,3,0
13,1034,1,1
11,486,3,1
11,486,3,3
13,1035,1,1
13,1036,1,0
11,487,3,1
11,487,3,2
13,1037,1,1
13,1038,1,0
13,1038,1,1
11,488,3,1
13,1039,1,1
13,1040,1,0
13,1040,1,1
11,489,3,2
13,1041,1,1
13,1042,1,0
11,490,3,1
11,490,3,3
13,1043,1,1
13,1044,1,0
11,491,3,2
13,1044,1,1
13,1045,1,1
11,492,3,1
11,492,3,2
13,1046,1,0
11,493,3,2
13,1047,1,1
11,493,3,3
13,1048,1,0
11,494,3,0
11,494,3,1
13,1049,1,1
11,494,3,3
13,1050,1,0
11,495,3,1
11,495,3,2
13,1051,1,1
13,1052,1,0
13,1052,1,1
11,496,3,1
13,1053,1,1
13,1054,1,0
11,497,3,2
13,1055,1,1
13,1056,1,0
11,498,3,1
13,1057,1,1
13,1058,1,0
13,1058,1,1
11,499,3,2
13,1059,1,1
13,1060,1,0
11,500,3,1
11,500,3,2
13,1061,1,1
13,1062,1,0
11,501,3,2
13,1063,1,1
11,501,3,3
13,1064,1,0
11,502,3,0
11,502,3,1
13,1065,1,1
11,502,3,3
13,1066,1,0
13,1066,1,1
11,503,3,1
11,503,3,2
13,1067,1,1
13,1068,1,0
11,504,3,1
13,1069,1,1
13,1070,1,0
11,505,3,2
13,1071,1,1
13,1072,1,0
13,1073,1,1
11,506,3,1
13,1074,1,0
13,1075,1,1
11,507,3,2
13,1076,1,0
11,508,3,1
13,1077,1,1
11,508,3,2
13,1078,1,0
13,1079,1,1
11,509,3,2
13,1080,1,0
11,509,3,3
11,510,3,0
11,510,3,1
13,1081,1,1
13,1082,1,0
11,510,3,3
13,1083,1,1
11,511,3,1
13,1084,1,0
11,511,3,2
13,1085,1,1
11,512,3,1
13,1086,1,0
13,1086,1,1
13,1087,1,1
13,1088,1,0
11,513,3,2
13,1089,1,1
11,514,3,1
13,1090,1,0
13,1090,1,1
13,1091,1,1
13,1092,1,0
11,515,3,2
13,1092,1,1
11,516,3,1
13,1093,1,1
11,516,3,2
13,1094,1,0
13,1095,1,1
11,517,3,2
13,1096,1,0
11,517,3,3
13,1096,1,1
11,518,3,0
11,518,3,1
13,1097,1,1
13,1098,1,0
11,518,3,3
11,519,3,1
13,1099,1,1
11,519,3,2
13,1100,1,0
11,520,3,1
13,1101,1,1
13,1102,1,0
13,1103,1,1
11,521,3,2
13,1104,1,0
13,1105,1,1
11,522,3,1
13,1106,1,0
13,1106,1,1
13,1107,1,1
13,1108,1,0
11,523,3,2
13,1109,1,1
11,524,3,1
13,1110,1,0
11,524,3,2
13,1110,1,1
13,1111,1,1
13,1112,1,0
11,525,3,2
13,1112,1,1
11,525,3,3
11,526,3,0
13,1113,1,1
11,526,3,1
13,1114,1,0
13,1115,1,1
13,1116,1,0
11,527,3,1
13,1116,1,1
11,527,3,2
13,1117,1,1
13,1118,1,0
11,528,3,1
13,1119,1,1
13,1120,1,0
11,529,3,2
13,1121,1,1
13,1122,1,0
11,530,3,1
13,1123,1,1
13,1124,1,0
13,1124,1,1
11,531,3,2
13,1125,1,1
13,1126,1,0
13,1126,1,1
11,532,3,1
11,532,3,2
13,1127,1,1
13,1128,1,0
13,1129,1,1
11,533,3,2
13,1130,1,0
11,533,3,3
13,1130,1,1
13,1131,1,1
13,1132,1,0
13,1133,1,1
13,1134,1,0
13,1135,1,1
13,1136,1,0
13,1137,1,1
13,1138,1,0
13,1138,1,1
13,1139,1,1
13,1140,1,0
13,1141,1,1
13,1142,1,0
13,1143,1,1
13,1144,1,0
13,1145,1,1
13,1146,1,0
13,1147,1,1
13,1148,1,0
13,1149,1,1
13,1150,1,0
13,1151,1,1
13,1152,1,0
13,1153,1,1
13,1154,1,0
13,1155,1,1
13,1156,1,0
13,1157,1,1
13,1158,1,0
13,1159,1,1
13,1160,1,0
13,1161,1,1
13,1162,1,0
13,1163,1,1
13,1164,1,0
13,1165,1,1
13,1166,1,0
13,1167,1,1
13,1168,1,0
13,1168,1,1
13,1169,1,1
13,1170,1,0
13,1171,1,1
13,1172,1,0
13,1173,1,1
13,1174,1,0
13,1175,1,1
13,1176,1,0
13,1176,1,1
13,1177,1,1
13,1178,1,0
13,1179,1,1
13,1180,1,0
13,1181,1,1
13,1182,1,0
13,1182,1,1
13,1183,1,1
13,1184,1,0
13,1185,1,1
13,1186,1,0
13,1187,1,1
13,1188,1,0
13,1189,1,1
13,1190,1,0
13,1190,1,1
13,1191,1,1
13,1192,1,0
13,1193,1,1
13,1194,1,0
13,1195,1,1
13,1196,1,0
13,1197,1,1
13,1198,1,0
13,1199,1,1
13,1200,1,0
13,1201,1,1
13,1202,1,0
13,1203,1,1
13,1204,1,0
13,1205,1,1
13,1206,1,0
13,1206,1,1
13,1207,1,1
13,1208,1,0
13,1209,1,1
13,1210,1,0
13,1211,1,1
13,1212,1,0
13,1213,1,1
13,1214,1,0
13,1215,1,1
13,1216,1,0
13,1217,1,1
13,1218,1,0
13,1219,1,1
13,1220,1,0
13,1220,1,1
13,1221,1,1
13,1222,1,0
13,1223,1,1
13,1224,1,0
13,1225,1,1
13,1226,1,0
13,1227,1,1
13,1228,1,0
13,1229,1,1
13,1230,1,0
13,1231,1,1
13,1232,1,0
13,1233,1,1
13,1234,1,0
13,1235,1,1
13,1236,1,0
13,1236,1,1
13,1237,1,1
13,1238,1,0
13,1239,1,1
13,1240,1,0
13,1241,1,1
13,1242,1,0
13,1243,1,1
13,1244,1,0
13,1245,1,1
13,1246,1,0
13,1247,1,1
13,1248,1,0
13,1249,1,1
13,1250,1,0
13,1251,1,1
13,1252,1,0
13,1253,1,1
13,1254,1,0
13,1255,1,1
13,1256,1,0
13,1257,1,1
13,1258,1,0
13,1259,1,1
13,1260,1,0
13,1261,1,1
13,1262,1,0
13,1263,1,1
13,1264,1,0
13,1265,1,1
13,1266,1,0
13,1267,1,1
13,1268,1,0
13,1269,1,1
13,1270,1,0
13,1271,1,1
13,1272,1,0
13,1273,1,1
13,1274,1,0
13,1275,1,1
13,1276,1,0
13,1277,1,1
13,1278,1,0
13,1279,1,1
13,1280,1,0
13,1281,1,1
13,1282,1,0
13,1283,1,0
13,1284,1,1
13,1285,1,0
13,1286,1,1
13,1287,1,0
13,1288,1,1
13,1289,1,0
13,1290,1,0
13,1291,1,1
13,1292,1,0
13,1293,1,1
13,1294,1,0
13,1295,1,1
13,1296,1,0
13,1297,1,1
13,1298,1,0
13,1299,1,1
13,1300,1,0
13,1301,1,0
13,1302,1,1
13,1303,1,0
13,1304,1,1
13,1305,1,0
13,1305,1,1
13,1306,1,1
13,1307,1,0
13,1308,1,1
13,1309,1,0
13,1310,1,1
13,1311,1,0
13,1311,1,1
13,1312,1,1
13,1313,1,0
13,1314,1,1
13,1315,1,0
13,1315,1,1
13,1316,1,1
13,1317,1,0
13,1318,1,1
13,1319,1,0
13,1320,1,1
13,1321,1,0
13,1322,1,1
13,1323,1,0
13,1324,1,1
13,1325,1,0
13,1326,1,1
13,1327,1,0
13,1327,1,1
13,1328,1,1
13,1329,1,0
13,1330,1,1
13,1331,1,0
13,1332,1,1
13,1333,1,0
13,1333,1,1
13,1334,1,1
13,1335,1,0
13,1336,1,1
13,1337,1,0
13,1337,1,1
13,1338,1,1
13,1339,1,0
13,1340,1,1
13,1341,1,0
13,1342,1,1
13,1343,1,0
13,1344,1,1
13,1345,1,0
13,1346,1,1
13,1347,1,0
13,1348,1,1
13,1349,1,0
13,1350,1,1
13,1351,1,0
13,1351,1,1
13,1352,1,1
13,1353,1,0
13,1354,1,1
13,1355,1,0
13,1356,1,1
13,1357,1,0
13,1358,1,1
13,1359,1,0
13,1359,1,1
13,1360,1,1
13,1361,1,0
13,1362,1,1
13,1363,1,0
13,1364,1,1
13,1365,1,0
13,1366,1,1
13,1367,1,0
13,1368,1,1
13,1369,1,0
13,1370,1,1
13,1371,1,0
13,1372,1,1
13,1373,1,0
13,1374,1,1
13,1375,1,0
13,1376,1,1
13,1377,1,0
13,1378,1,1
13,1379,1,0
13,1380,1,1
13,1381,1,0
13,1382,1,0
13,1383,1,1
13,1384,1,0
13,1385,1,1
13,1386,1,0
13,1386,1,1
13,1387,1,1
13,1388,1,0
13,1389,1,1
13,1390,1,0
13,1391,1,1
13,1392,1,0
13,1392,1,1
13,1393,1,1
13,1394,1,0
13,1395,1,1
13,1396,1,0
13,1396,1,1
13,1397,1,1
13,1398,1,0
13,1399,1,1
13,1400,1,0
13,1401,1,1
13,1402,1,0
13,1403,1,1
13,1404,1,0
13,1405,1,1
13,1406,1,0
13,1407,1,1
13,1408,1,0
13,1408,1,1
13,1409,1,1
13,1410,1,0
13,1411,1,1
13,1412,1,0
13,1413,1,1
13,1414,1,0
13,1414,1,1
13,1415,1,1
13,1416,1,0
13,1417,1,1
13,1418,1,0
13,1418,1,1
13,1419,1,1
13,1420,1,0
13,1421,1,1
13,1422,1,0
13,1423,1,1
13,1424,1,0
13,1425,1,1
13,1426,1,0
13,1427,1,1
13,1428,1,0
13,1428,1,1
13,1429,1,1
13,1430,1,0
13,1431,1,1
13,1432,1,0
13,1432,1,1
13,1433,1,1
13,1434,1,0
13,1435,1,1
13,1436,1,0
13,1437,1,1
13,1438,1,0
13,1439,1,1
13,1440,1,0
13,1440,1,1
13,1441,1,1
13,1442,1,0
13,1443,1,1
13,1444,1,0
13,1445,1,1
13,1446,1,0
13,1447,1,1
13,1448,1,0
13,1449,1,1
13,1450,1,0
13,1451,1,1
13,1452,1,0
13,1453,1,1
13,1454,1,0
13,1455,1,1
13,1456,1,0
13,1457,1,1
13,1458,1,0
13,1459,1,1
13,1460,1,0
13,1461,1,1
13,1462,1,0
13,1463,1,1
13,1464,1,0
13,1465,1,1
13,1466,1,0
13,1467,1,1
13,1468,1,0
13,1469,1,1
13,1470,1,0
13,1470,1,1
13,1471,1,1
13,1472,1,0
13,1473,1,1
13,1474,1,0
13,1475,1,1
13,1476,1,0
13,1477,1,1
13,1478,1,0
13,1479,1,1
13,1480,1,0
13,1480,1,1
13,1481,1,1
13,1482,1,0
13,1483,1,1
13,1484,1,0
13,1484,1,1
13,1485,1,1
13,1486,1,0
13,1487,1,1
13,1488,1,0
13,1489,1,1
13,1490,1,0
13,1491,1,1
13,1492,1,0
13,1492,1,1
13,1493,1,1
13,1494,1,0
13,1495,1,1
13,1496,1,0
13,1497,1,1
13,1498,1,0
13,1499,1,1
13,1500,1,0
13,1501,1,1
13,1502,1,0
13,1503,1,1
13,1504,1,0
13,1505,1,1
13,1506,1,0
13,1507,1,1
13,1508,1,0
13,1509,1,1
13,1510,1,0
13,1510,1,1
13,1511,1,1
13,1512,1,0
13,1513,1,1
13,1514,1,0
13,1515,1,1
13,1516,1,0
13,1517,1,1
13,1518,1,0
13,1519,1,1
13,1520,1,0
13,1521,1,1
13,1522,1,0
13,1522,1,1
13,1523,1,1
13,1524,1,0
13,1525,1,1
13,1526,1,0
13,1527,1,1
13,1528,1,0
13,1529,1,1
13,1530,1,0
13,1531,1,1
13,1532,1,0
13,1533,1,1
13,1534,1,0
13,1535,1,1
13,1536,1,0
13,1537,1,1
13,1538,1,0
13,1538,1,1
13,1539,1,1
13,1540,1,0
13,1541,1,1
13,1542,1,0
13,1543,1,1
13,1544,1,0
13,1545,1,1
13,1546,1,0
13,1547,1,1
13,1548,1,0
13,1549,1,1
13,1550,1,0
13,1551,1,1
13,1552,1,0
13,1553,1,1
13,1554,1,0
13,1555,1,1
13,1556,1,0
13,1557,1,1
13,1558,1,0
13,1559,1,1
13,1560,1,0
13,1561,1,1
13,1562,1,0
13,1563,1,1
13,1564,1,0
13,1565,1,1
13,1566,1,0
13,1567,1,1
13,1568,1,0
13,1569,1,1
13,1570,1,0
13,1571,1,1
13,1572,1,0
13,1573,1,1
13,1574,1,0
13,1575,1,1
13,1576,1,0
13,1577,1,0
13,1577,1,1
13,1578,1,0
13,1579,1,1
13,1580,1,0
13,1581,1,1
13,1582,1,0
13,1583,1,1
13,1584,1,0
13,1585,1,1
13,1586,1,0
13,1587,1,1
13,1588,1,0
13,1589,1,1
13,1590,1,0
13,1591,1,1
13,1592,1,0
13,1593,1,1
13,1594,1,0
13,1594,1,1
13,1595,1,1
13,1596,1,0
13,1597,1,1
13,1598,1,0
13,1599,1,1
13,1600,1,0
13,1601,1,1
13,1602,1,0
13,1603,1,1
13,1604,1,0
13,1605,1,1
13,1606,1,0
13,1607,1,1
13,1608,1,0
13,1609,1,0
13,1609,1,1
13,1610,1,0
13,1611,1,1
13,1612,1,0
13,1613,1,1
13,1614,1,0
13,1615,1,1
13,1616,1,0
13,1617,1,1
13,1618,1,0
13,1619,1,1
13,1620,1,0
13,1621,1,1
13,1622,1,0
13,1623,1,1
13,1624,1,0
13,1625,1,1
13,1626,1,0
13,1626,1,1
13,1627,1,1
13,1628,1,0
13,1629,1,1
13,1630,1,0
13,1631,1,1
13,1632,1,0
13,1633,1,1
13,1634,1,0
13,1635,1,1
13,1636,1,0
13,1637,1,1
13,1638,1,0
13,1639,1,1
13,1640,1,0
13,1640,1,1
13,1641,1,1
13,1642,1,0
13,1643,1,1
13,1644,1,0
13,1645,1,1
13,1646,1,0
13,1647,1,1
13,1648,1,0
13,1648,1,1
13,1649,1,1
13,1650,1,0
13,1651,1,1
13,1652,1,0
13,1653,1,1
13,1654,1,0
13,1655,1,1
13,1656,1,0
13,1657,1,1
13,1658,1,0
13,1659,1,1
13,1660,1,0
13,1661,1,1
13,1662,1,0
13,1663,1,1
13,1664,1,0
13,1665,1,1
13,1666,1,0
13,1667,1,1
13,1668,1,0
13,1669,1,1
13,1670,1,0
13,1671,1,1
13,1672,1,0
13,1673,1,1
13,1674,1,0
13,1675,1,1
13,1676,1,0
13,1677,1,1
13,1678,1,0
13,1679,1,1
13,1680,1,0
13,1680,1,1
13,1681,1,1
13,1682,1,0
13,1683,1,1
13,1684,1,0
13,1685,1,1
13,1686,1,0
13,1687,1,1
13,1688,1,0
13,1689,1,1
13,1690,1,0
13,1691,1,1
13,1692,1,0
13,1693,1,1
13,1694,1,0
13,1694,1,1
13,1695,1,1
13,1696,1,0
13,1697,1,1
13,1698,1,0
13,1699,1,1
13,1700,1,0
13,1701,1,1
13,1702,1,0
13,1702,1,1
13,1703,1,1
13,1704,1,0
13,1705,1,1
13,1706,1,0
13,1707,1,1
13,1708,1,0
13,1709,1,1
13,1710,1,0
13,1711,1,1
13,1712,1,0
13,1713,1,1
13,1714,1,0
13,1715,1,1
13,1716,1,0
13,1717,1,1
13,1718,1,0
13,1719,1,1
13,1720,1,0
13,1721,1,1
13,1722,1,0
13,1723,1,1
13,1724,1,0
13,1724,1,1
13,1725,1,1
13,1726,1,0
13,1727,1,1
13,1728,1,0
13,1729,1,1
13,1730,1,0
13,1731,1,1
13,1732,1,0
13,1732,1,1
13,1733,1,1
13,1734,1,0
13,1735,1,1
13,1736,1,0
13,1737,1,1
13,1738,1,0
13,1739,1,1
13,1740,1,0
13,1741,1,1
13,1742,1,0
13,1743,1,1
13,1744,1,0
13,1745,1,1
13,1746,1,0
13,1747,1,1
13,1748,1,0
13,1748,1,1
13,1749,1,1
13,1750,1,0
13,1751,1,1
13,1752,1,0
13,1753,1,1
13,1754,1,0
13,1755,1,1
13,1756,1,0
13,1757,1,1
13,1758,1,0
13,1759,1,1
13,1760,1,0
13,1761,1,1
13,1762,1,0
13,1763,1,1
13,1764,1,0
13,1765,1,1
13,1766,1,0
13,1767,1,1
13,1768,1,0
13,1769,1,1
13,1770,1,0
13,1771,1,1
13,1772,1,0
13,1773,1,1
13,1774,1,0
13,1775,1,1
13,1776,1,0
13,1777,1,1
13,1778,1,0
13,1779,1,1
13,1780,1,0
13,1781,1,1
13,1782,1,0
13,1783,1,1
13,1784,1,0
13,1785,1,1
13,1786,1,0
13,1787,1,1
13,1788,1,0
13,1789,1,1
13,1790,1,0
13,1791,1,1
13,1792,1,0
13,1793,1,1
13,1794,1,0
13,1795,1,1
13,1796,1,0
13,1797,1,1
13,1798,1,0
13,1799,1,1
13,1800,1,0
13,1801,1,1
13,1802,1,0
13,1803,1,1
13,1804,1,0
13,1805,1,1
13,1806,1,0
13,1807,1,1
13,1808,1,0
13,1809,1,1
13,1810,1,0
13,1811,1,1
13,1812,1,0
13,1813,1,1
13,1814,1,0
13,1815,1,1
13,1816,1,0
13,1817,1,1
13,1818,1,0
13,1819,1,1
13,1820,1,0
13,1820,1,1
13,1821,1,1
13,1822,1,0
13,1823,1,1
13,1824,1,0
13,1825,1,1
13,1826,1,0
13,1827,1,1
13,1828,1,0
13,1829,1,1
13,1830,1,0
13,1831,1,1
13,1832,1,0
13,1833,1,1
13,1834,1,0
13,1835,1,1
13,1836,1,0
13,1837,1,1
13,1838,1,0
13,1839,1,1
13,1840,1,0
13,1841,1,1
13,1842,1,0
13,1843,1,1
13,1844,1,0
13,1845,1,1
13,1846,1,0
13,1847,1,1
13,1848,1,0
13,1849,1,1
13,1850,1,0
13,1850,1,1
13,1851,1,1
13,1852,1,0
13,1853,1,1
13,1854,1,0
13,1855,1,1
13,1856,1,0
13,1857,1,1
13,1858,1,0
13,1859,1,1
13,1860,1,0
13,1861,1,1
13,1862,1,0
13,1863,1,1
13,1864,1,0
13,1865,1,1
13,1866,1,0
13,1866,1,1
13,1867,1,1
13,1868,1,0
13,1869,1,1
13,1870,1,0
13,1871,1,1
13,1872,1,0
13,1873,1,1
13,1874,1,0
13,1875,1,1
13,1876,1,0
13,1877,1,1
13,1878,1,0
13,1879,1,1
13,1880,1,0
13,1881,1,1
13,1882,1,0
13,1883,1,1
13,1884,1,0
13,1885,1,1
13,1886,1,0
13,1887,1,1
13,1888,1,0
13,1889,1,1
13,1890,1,0
13,1891,1,1
13,1892,1,0
13,1893,1,1
13,1894,1,0
13,1895,1,1
13,1896,1,0
13,1897,1,1
13,1898,1,0
13,1899,1,1
13,1900,1,0
13,1901,1,1
13,1902,1,0
13,1903,1,1
13,1904,1,0
13,1905,1,1
13,1906,1,0
13,1907,1,1
13,1908,1,0
13,1909,1,1
13,1910,1,0
13,1911,1,1
13,1912,1,0
13,1913,1,1
13,1914,1,0
13,1915,1,1
13,1916,1,0
13,1917,1,1
13,1918,1,0
13,1919,1,1
13,1920,1,0
13,1921,1,1
13,1922,1,0
13,1923,1,1
13,1924,1,0
13,1925,1,1
13,1926,1,0
13,1927,1,1
13,1928,1,0
13,1928,1,1
13,1929,1,1
13,1930,1,0
13,1931,1,1
13,1932,1,0
13,1933,1,1
13,1934,1,0
13,1935,1,1
13,1936,1,0
13,1937,1,1
13,1938,1,0
13,1939,1,1
13,1940,1,0
13,1941,1,1
13,1942,1,0
13,1943,1,1
13,1944,1,0
13,1945,1,1
13,1946,1,0
13,1947,1,1
13,1948,1,0
13,1949,1,1
13,1950,1,0
13,1951,1,1
13,1952,1,0
13,1953,1,1
13,1954,1,0
13,1955,1,1
13,1956,1,0
13,1957,1,1
13,1958,1,0
13,1959,1,1
13,1960,1,0
13,1960,1,1
13,1961,1,1
13,1962,1,0
13,1963,1,1
13,1964,1,0
13,1965,1,1
13,1966,1,0
13,1967,1,1
13,1968,1,0
13,1969,1,1
13,1970,1,0
13,1971,1,1
13,1972,1,0
13,1973,1,1
13,1974,1,0
13,1975,1,1
13,1976,1,0
13,1977,1,1
13,1978,1,0
13,1979,1,1
13,1980,1,0
13,1981,1,1
13,1982,1,0
13,1983,1,1
13,1984,1,0
13,1985,1,1
13,1986,1,0
13,1987,1,1
13,1988,1,0
13,1989,1,1
13,1990,1,0
13,1991,1,1
13,1992,1,0
13,1993,1,1
13,1994,1,0
13,1995,1,1
13,1996,1,0
13,1997,1,1
13,1998,1,0
13,1999,1,1
13,2000,1,0
13,2001,1,1
13,2002,1,0
13,2003,1,1
13,2004,1,0
13,2005,1,1
13,2006,1,0
13,2007,1,1
13,2008,1,0
13,2009,1,1
13,2010,1,0
13,2011,1,1
13,2012,1,0
13,2013,1,1
13,2014,1,0
13,2015,1,1
13,2016,1,0
13,2017,1,1
13,2018,1,0
13,2019,1,1
13,2020,1,0
13,2021,1,1
13,2022,1,0
13,2023,1,1
