8,0,6,0
8,0,6,1
8,0,6,2
8,0,6,3
8,0,6,4
8,0,6,5
8,0,6,7
8,0,6,8
8,0,6,9
8,1,6,0
8,1,6,1
8,1,6,5
8,1,6,6
8,1,6,8
8,2,6,0
8,2,6,2
8,2,6,8
8,2,6,9
8,3,6,0
8,3,6,3
8,3,6,10
8,3,6,11
8,3,6,14
8,3,6,16
8,4,6,0
8,4,6,3
8,4,6,4
8,4,6,5
8,4,6,8
8,4,6,9
8,5,6,0
8,5,6,1
8,5,6,5
8,6,6,1
8,6,6,6
8,7,6,0
8,7,6,4
8,7,6,7
8,7,6,10
8,7,6,11
8,7,6,14
8,7,6,16
8,8,6,0
8,8,6,3
8,8,6,5
8,8,6,7
8,8,6,8
8,8,6,9
8,9,6,0
8,9,6,1
8,9,6,2
8,9,6,8
8,10,6,0
8,10,6,2
8,10,6,9
8,11,6,0
8,11,6,3
8,11,6,4
8,11,6,7
8,11,6,10
8,11,6,11
8,11,6,14
8,11,6,16
8,12,6,0
8,12,6,3
8,12,6,5
8,12,6,8
8,12,6,9
8,13,6,3
8,13,6,10
8,13,6,11
8,14,6,3
8,14,6,11
8,14,6,13
8,14,6,14
8,15,6,0
8,15,6,1
8,15,6,2
8,15,6,3
8,15,6,4
8,15,6,5
8,15,6,7
8,15,6,8
8,15,6,9
8,16,6,0
8,16,6,1
8,16,6,4
8,16,6,5
8,16,6,6
8,16,6,8
8,17,6,0
8,17,6,2
8,17,6,4
8,17,6,8
8,17,6,9
8,18,6,0
8,18,6,1
8,18,6,3
8,18,6,4
8,18,6,7
8,18,6,10
8,18,6,11
8,18,6,14
8,18,6,16
8,19,6,0
8,19,6,3
8,19,6,4
8,19,6,5
8,19,6,8
8,19,6,9
8,20,6,0
8,20,6,1
8,20,6,4
8,20,6,5
8,20,6,7
8,20,6,16
8,21,6,1
8,21,6,5
8,21,6,6
8,22,6,0
8,22,6,3
8,22,6,5
8,22,6,8
8,22,6,9
8,23,6,0
8,23,6,1
8,23,6,4
8,23,6,6
8,23,6,7
8,23,6,16
8,24,6,1
8,24,6,6
8,25,6,10
8,25,6,11
8,25,6,12
8,25,6,14
8,25,6,16
8,25,6,19
8,26,6,0
8,26,6,1
8,26,6,2
8,26,6,3
8,26,6,4
8,26,6,5
8,26,6,7
8,26,6,8
8,26,6,9
8,27,6,0
8,27,6,1
8,27,6,5
8,27,6,6
8,27,6,7
8,27,6,8
8,28,6,0
8,28,6,2
8,28,6,7
8,28,6,8
8,28,6,9
8,29,6,0
8,29,6,2
8,29,6,3
8,29,6,4
8,29,6,7
8,29,6,10
8,29,6,11
8,29,6,14
8,29,6,16
8,30,6,0
8,30,6,3
8,30,6,4
8,30,6,5
8,30,6,7
8,30,6,8
8,30,6,9
8,31,6,0
8,31,6,1
8,31,6,2
8,31,6,4
8,31,6,5
8,31,6,7
8,31,6,8
8,31,6,16
8,32,6,0
8,32,6,1
8,32,6,4
8,32,6,6
8,32,6,7
8,32,6,8
8,32,6,16
8,33,6,0
8,33,6,3
8,33,6,5
8,33,6,7
8,33,6,8
8,33,6,9
8,34,6,0
8,34,6,1
8,34,6,2
8,34,6,4
8,34,6,7
8,34,6,8
8,34,6,9
8,34,6,16
8,35,6,0
8,35,6,2
8,35,6,4
8,35,6,7
8,35,6,9
8,35,6,16
8,36,6,3
8,36,6,10
8,36,6,12
8,36,6,15
8,36,6,17
8,36,6,19
8,37,6,3
8,37,6,10
8,37,6,11
8,37,6,12
8,37,6,15
8,37,6,17
8,37,6,18
8,37,6,19
8,38,6,10
8,38,6,11
8,38,6,12
8,38,6,14
8,38,6,16
8,38,6,19
8,39,6,3
8,39,6,11
8,39,6,12
8,39,6,13
8,39,6,15
8,39,6,18
8,39,6,19
8,40,6,3
8,40,6,11
8,40,6,12
8,40,6,14
8,40,6,15
8,40,6,17
8,40,6,18
8,40,6,19
8,41,6,10
8,41,6,11
8,41,6,12
8,41,6,14
8,41,6,15
8,41,6,16
8,41,6,19
8,42,6,3
8,42,6,5
8,42,6,8
8,42,6,9
8,42,6,12
8,42,6,15
8,42,6,16
8,42,6,17
8,42,6,19
8,43,6,10
8,43,6,11
8,43,6,12
8,43,6,17
8,43,6,19
8,44,6,11
8,44,6,12
8,44,6,13
8,44,6,14
8,44,6,18
8,44,6,19
8,45,6,10
8,45,6,11
8,45,6,12
8,45,6,14
8,45,6,15
8,45,6,16
8,45,6,17
8,45,6,18
8,45,6,19
8,46,6,0
8,46,6,3
8,46,6,5
8,46,6,7
8,46,6,8
8,46,6,9
8,47,6,13
8,47,6,18
8,48,6,3
8,48,6,12
8,48,6,13
8,48,6,15
8,48,6,18
8,48,6,19
8,49,6,10
8,49,6,11
8,49,6,14
8,49,6,16
8,49,6,19
8,50,6,13
8,50,6,14
8,50,6,18
8,51,6,3
8,51,6,12
8,51,6,14
8,51,6,15
8,51,6,18
8,51,6,19
8,52,6,10
8,52,6,11
8,52,6,14
8,52,6,15
8,52,6,16
8,52,6,19
8,53,6,3
8,53,6,5
8,53,6,8
8,53,6,9
8,53,6,12
8,53,6,15
8,53,6,16
8,53,6,18
8,53,6,19
8,54,6,10
8,54,6,11
8,54,6,15
8,54,6,17
8,54,6,19
8,55,6,11
8,55,6,13
8,55,6,14
8,55,6,15
8,55,6,18
8,55,6,19
8,56,6,10
8,56,6,11
8,56,6,12
8,56,6,14
8,56,6,15
8,56,6,16
8,56,6,17
8,56,6,18
8,56,6,19
8,57,6,5
8,57,6,6
8,57,6,8
8,57,6,16
8,58,6,8
8,58,6,9
8,58,6,16
8,59,6,10
8,59,6,11
8,59,6,14
8,59,6,16
8,59,6,19
8,60,6,3
8,60,6,5
8,60,6,8
8,60,6,9
8,60,6,12
8,60,6,15
8,60,6,16
8,60,6,19
8,61,6,10
8,61,6,17
8,61,6,19
8,62,6,11
8,62,6,17
8,62,6,18
8,62,6,19
8,63,6,10
8,63,6,11
8,63,6,12
8,63,6,14
8,63,6,16
8,63,6,19
8,64,6,3
8,64,6,5
8,64,6,8
8,64,6,9
8,64,6,12
8,64,6,15
8,64,6,19
8,65,6,13
8,65,6,18
8,66,6,14
8,66,6,18
8,66,6,19
8,67,6,10
8,67,6,11
8,67,6,14
8,67,6,15
8,67,6,16
8,67,6,19
8,68,6,3
8,68,6,5
8,68,6,8
8,68,6,9
8,68,6,16
8,68,6,19
8,69,6,10
8,69,6,11
8,69,6,17
8,69,6,19
8,70,6,11
8,70,6,13
8,70,6,14
8,70,6,18
8,70,6,19
8,71,6,10
8,71,6,11
8,71,6,12
8,71,6,14
8,71,6,15
8,71,6,16
8,71,6,17
8,71,6,18
8,71,6,19
9,0,5,0
9,0,5,1
9,0,5,2
9,0,5,3
9,0,5,4
9,0,5,5
9,1,5,1
9,1,5,5
9,1,5,6
9,1,5,8
9,2,5,2
9,2,5,3
9,2,5,5
9,3,5,0
9,3,5,3
9,3,5,6
9,3,5,8
9,4,5,3
9,4,5,4
9,4,5,5
9,5,5,0
9,5,5,5
9,5,5,6
9,5,5,8
9,6,5,3
9,6,5,5
9,6,5,6
9,7,5,0
9,7,5,6
9,7,5,7
9,7,5,8
9,7,5,9
9,7,5,10
9,8,5,1
9,8,5,2
9,8,5,3
9,8,5,4
9,8,5,5
9,9,5,0
9,9,5,5
9,9,5,6
9,9,5,8
9,10,5,0
9,10,5,3
9,10,5,5
9,11,5,0
9,11,5,6
9,11,5,8
9,12,5,0
9,12,5,3
9,12,5,5
9,13,5,6
9,13,5,8
9,14,5,3
9,14,5,5
9,14,5,6
9,15,5,0
9,15,5,2
9,15,5,4
9,15,5,6
9,15,5,7
9,15,5,8
9,15,5,9
9,15,5,10
9,16,5,1
9,16,5,2
9,16,5,3
9,16,5,4
9,16,5,5
9,17,5,0
9,17,5,5
9,17,5,6
9,17,5,8
9,18,5,0
9,18,5,3
9,18,5,5
9,19,5,0
9,19,5,1
9,19,5,6
9,19,5,8
9,20,5,0
9,20,5,3
9,20,5,5
9,21,5,0
9,21,5,1
9,21,5,6
9,21,5,8
9,22,5,1
9,22,5,3
9,22,5,5
9,22,5,6
9,23,5,0
9,23,5,2
9,23,5,4
9,23,5,6
9,23,5,7
9,23,5,8
9,23,5,9
9,23,5,10
9,24,5,0
9,24,5,1
9,24,5,2
9,24,5,3
9,24,5,4
9,24,5,5
9,25,5,0
9,25,5,1
9,25,5,5
9,25,5,6
9,25,5,8
9,26,5,1
9,26,5,3
9,26,5,5
9,26,5,6
9,27,5,6
9,27,5,7
9,27,5,8
9,28,5,1
9,28,5,3
9,28,5,5
9,28,5,8
9,29,5,6
9,29,5,8
9,29,5,9
9,30,5,0
9,30,5,1
9,30,5,2
9,30,5,3
9,30,5,4
9,30,5,5
9,31,5,0
9,31,5,1
9,31,5,5
9,31,5,6
9,31,5,8
9,32,5,0
9,32,5,2
9,32,5,3
9,32,5,5
9,33,5,0
9,33,5,2
9,33,5,3
9,33,5,6
9,33,5,8
9,34,5,0
9,34,5,3
9,34,5,4
9,34,5,5
9,35,5,0
9,35,5,1
9,35,5,2
9,35,5,5
9,35,5,6
9,35,5,8
9,36,5,0
9,36,5,1
9,36,5,3
9,36,5,5
9,36,5,6
9,37,5,0
9,37,5,2
9,37,5,4
9,37,5,6
9,37,5,7
9,37,5,8
9,37,5,9
9,37,5,10
9,38,5,0
9,38,5,1
9,38,5,2
9,38,5,3
9,38,5,4
9,38,5,5
9,39,5,0
9,39,5,1
9,39,5,2
9,39,5,5
9,39,5,6
9,39,5,8
9,40,5,0
9,40,5,2
9,40,5,3
9,40,5,5
9,41,5,0
9,41,5,2
9,41,5,3
9,41,5,4
9,41,5,6
9,41,5,8
9,41,5,10
9,42,5,0
9,42,5,2
9,42,5,3
9,42,5,5
9,43,5,3
9,43,5,6
9,43,5,8
9,44,5,0
9,44,5,1
9,44,5,2
9,44,5,3
9,44,5,4
9,44,5,5
9,45,5,0
9,45,5,1
9,45,5,5
9,45,5,6
9,45,5,8
9,46,5,0
9,46,5,2
9,46,5,3
9,46,5,5
9,47,5,0
9,47,5,2
9,47,5,3
9,47,5,4
9,47,5,6
9,47,5,8
9,47,5,10
9,48,5,0
9,48,5,3
9,48,5,5
9,49,5,3
9,49,5,6
9,49,5,8
9,50,5,3
9,50,5,5
9,50,5,6
9,50,5,7
9,50,5,10
9,50,5,11
9,51,5,6
9,51,5,7
9,51,5,8
9,51,5,9
9,51,5,10
9,51,5,11
9,52,5,0
9,52,5,1
9,52,5,2
9,52,5,3
9,52,5,4
9,52,5,5
9,53,5,0
9,53,5,1
9,53,5,5
9,53,5,6
9,53,5,8
9,54,5,0
9,54,5,2
9,54,5,3
9,54,5,5
9,55,5,0
9,55,5,3
9,55,5,4
9,55,5,6
9,55,5,8
9,56,5,0
9,56,5,3
9,56,5,4
9,56,5,5
9,57,5,0
9,57,5,1
9,57,5,4
9,57,5,5
9,57,5,6
9,57,5,8
9,58,5,1
9,58,5,3
9,58,5,5
9,58,5,6
9,59,5,0
9,59,5,1
9,59,5,2
9,59,5,4
9,59,5,6
9,59,5,7
9,59,5,8
9,59,5,9
9,59,5,10
9,60,5,0
9,60,5,1
9,60,5,2
9,60,5,3
9,60,5,4
9,60,5,5
9,61,5,0
9,61,5,1
9,61,5,2
9,61,5,4
9,61,5,5
9,61,5,6
9,61,5,8
9,62,5,0
9,62,5,2
9,62,5,3
9,62,5,4
9,62,5,5
9,63,5,0
9,63,5,1
9,63,5,2
9,63,5,3
9,63,5,4
9,63,5,6
9,63,5,8
9,63,5,10
9,64,5,0
9,64,5,3
9,64,5,4
9,64,5,5
9,65,5,0
9,65,5,2
9,65,5,3
9,65,5,4
9,65,5,6
9,65,5,8
9,65,5,10
9,66,5,0
9,66,5,1
9,66,5,2
9,66,5,3
9,66,5,4
9,66,5,5
9,67,5,0
9,67,5,1
9,67,5,4
9,67,5,5
9,67,5,6
9,67,5,8
9,68,5,0
9,68,5,2
9,68,5,3
9,68,5,4
9,68,5,5
9,69,5,0
9,69,5,1
9,69,5,2
9,69,5,3
9,69,5,4
9,69,5,5
9,69,5,6
9,69,5,8
9,69,5,10
9,70,5,0
9,70,5,3
9,70,5,4
9,70,5,5
9,71,5,0
9,71,5,1
9,71,5,2
9,71,5,4
9,71,5,5
9,71,5,6
9,71,5,8
9,71,5,10
9,72,5,1
9,72,5,3
9,72,5,5
9,72,5,6
9,72,5,7
9,72,5,9
9,72,5,10
9,72,5,11
9,73,5,6
9,73,5,7
9,73,5,8
9,73,5,11
9,74,5,1
9,74,5,3
9,74,5,5
9,74,5,6
9,74,5,7
9,74,5,8
9,74,5,9
9,74,5,10
9,74,5,11
9,75,5,6
9,75,5,7
9,75,5,8
9,75,5,9
9,75,5,11
9,76,5,3
9,76,5,5
9,76,5,6
9,76,5,7
9,76,5,10
9,76,5,11
9,77,5,6
9,77,5,7
9,77,5,8
9,77,5,9
9,77,5,10
9,77,5,11
9,78,5,1
9,78,5,3
9,78,5,5
9,78,5,7
9,78,5,8
9,78,5,9
9,78,5,11
9,79,5,6
9,79,5,7
9,79,5,8
9,79,5,11
9,80,5,1
9,80,5,3
9,80,5,5
9,80,5,7
9,80,5,8
9,80,5,9
9,80,5,10
9,80,5,11
9,81,5,6
9,81,5,7
9,81,5,8
9,81,5,9
9,81,5,11
9,82,5,3
9,82,5,5
9,82,5,6
9,82,5,7
9,82,5,9
9,82,5,10
9,82,5,11
9,83,5,6
9,83,5,7
9,83,5,8
9,83,5,9
9,83,5,10
9,83,5,11
9,84,5,1
9,84,5,2
9,84,5,3
9,84,5,4
9,84,5,5
9,84,5,7
9,84,5,9
9,84,5,10
9,84,5,11
9,85,5,5
9,85,5,6
9,85,5,8
9,85,5,10
9,86,5,3
9,86,5,5
9,86,5,6
9,86,5,7
9,86,5,10
9,86,5,11
9,87,5,6
9,87,5,7
9,87,5,8
9,87,5,11
9,88,5,3
9,88,5,5
9,88,5,7
9,88,5,8
9,88,5,11
9,89,5,6
9,89,5,8
9,89,5,9
9,89,5,11
9,90,5,3
9,90,5,5
9,90,5,6
9,90,5,10
9,90,5,11
9,91,5,6
9,91,5,7
9,91,5,8
9,91,5,9
9,91,5,10
9,91,5,11
9,92,5,0
9,92,5,1
9,92,5,2
9,92,5,3
9,92,5,4
9,92,5,5
9,93,5,0
9,93,5,1
9,93,5,4
9,93,5,5
9,93,5,6
9,93,5,8
9,94,5,3
9,94,5,5
9,94,5,8
9,95,5,6
9,95,5,8
9,95,5,11
9,96,5,1
9,96,5,3
9,96,5,5
9,96,5,7
9,96,5,8
9,96,5,9
9,96,5,11
9,97,5,6
9,97,5,8
9,97,5,9
9,97,5,11
9,98,5,3
9,98,5,5
9,98,5,6
9,98,5,10
9,98,5,11
9,99,5,6
9,99,5,7
9,99,5,8
9,99,5,9
9,99,5,10
9,99,5,11
9,100,5,3
9,100,5,5
9,100,5,8
9,101,5,6
9,101,5,8
9,101,5,9
9,101,5,11
9,102,5,1
9,102,5,3
9,102,5,5
9,102,5,7
9,102,5,8
9,102,5,9
9,102,5,11
9,103,5,6
9,103,5,8
9,103,5,9
9,103,5,11
9,104,5,3
9,104,5,5
9,104,5,6
9,104,5,9
9,104,5,10
9,104,5,11
9,105,5,6
9,105,5,7
9,105,5,8
9,105,5,9
9,105,5,10
9,105,5,11
9,106,5,1
9,106,5,2
9,106,5,3
9,106,5,4
9,106,5,5
9,106,5,7
9,106,5,9
9,106,5,11
9,107,5,5
9,107,5,6
9,107,5,8
9,107,5,10
9,107,5,11
9,108,5,3
9,108,5,5
9,108,5,6
9,108,5,9
9,108,5,10
9,108,5,11
9,109,5,6
9,109,5,7
9,109,5,8
9,109,5,11
9,110,5,3
9,110,5,5
9,110,5,8
9,110,5,9
9,110,5,11
9,111,5,6
9,111,5,8
9,111,5,9
9,111,5,11
9,112,5,3
9,112,5,5
9,112,5,6
9,112,5,10
9,112,5,11
9,113,5,6
9,113,5,7
9,113,5,8
9,113,5,9
9,113,5,10
9,113,5,11
9,114,5,2
9,114,5,3
9,114,5,5
9,115,5,3
9,115,5,6
9,115,5,8
9,115,5,10
9,116,5,3
9,116,5,4
9,116,5,5
9,117,5,5
9,117,5,6
9,117,5,8
9,117,5,10
9,118,5,3
9,118,5,5
9,118,5,6
9,118,5,10
9,118,5,11
9,119,5,6
9,119,5,7
9,119,5,8
9,119,5,9
9,119,5,10
9,119,5,11
9,120,5,1
9,120,5,2
9,120,5,3
9,120,5,4
9,120,5,5
9,120,5,7
9,120,5,9
9,120,5,11
9,121,5,5
9,121,5,6
9,121,5,8
9,121,5,10
9,122,5,3
9,122,5,5
9,122,5,10
9,122,5,11
9,123,5,6
9,123,5,8
9,123,5,11
9,124,5,3
9,124,5,5
9,124,5,10
9,124,5,11
9,125,5,6
9,125,5,8
9,125,5,11
9,126,5,3
9,126,5,5
9,126,5,6
9,126,5,11
9,127,5,6
9,127,5,7
9,127,5,8
9,127,5,9
9,127,5,10
9,128,5,1
9,128,5,2
9,128,5,3
9,128,5,4
9,128,5,5
9,128,5,7
9,128,5,9
9,128,5,11
9,129,5,5
9,129,5,6
9,129,5,8
9,130,5,3
9,130,5,5
9,131,5,6
9,131,5,8
9,131,5,11
9,132,5,3
9,132,5,5
9,132,5,11
9,133,5,6
9,133,5,8
9,133,5,11
9,134,5,3
9,134,5,5
9,134,5,6
9,134,5,11
9,135,5,6
9,135,5,7
9,135,5,8
9,135,5,9
9,135,5,10
9,136,5,1
9,136,5,2
9,136,5,3
9,136,5,4
9,136,5,5
9,136,5,11
9,137,5,5
9,137,5,6
9,137,5,8
9,138,5,3
9,138,5,5
9,138,5,6
9,138,5,11
9,139,5,6
9,139,5,7
9,139,5,8
9,140,5,3
9,140,5,5
9,140,5,8
9,140,5,11
9,141,5,6
9,141,5,8
9,141,5,9
9,142,5,3
9,142,5,5
9,142,5,6
9,142,5,10
9,143,5,6
9,143,5,7
9,143,5,8
9,143,5,9
9,143,5,10
9,143,5,11
10,0,4,0
10,0,4,1
10,0,4,2
10,1,4,1
10,2,4,2
10,3,4,3
10,3,4,4
10,4,4,1
10,4,4,2
10,7,4,0
10,7,4,3
10,7,4,4
10,8,4,1
10,8,4,2
10,11,4,0
10,11,4,3
10,11,4,4
10,12,4,1
10,12,4,2
10,13,4,3
10,14,4,4
10,15,4,0
10,15,4,3
10,15,4,4
10,15,4,5
10,16,4,0
10,16,4,1
10,16,4,2
10,17,4,1
10,18,4,2
10,19,4,0
10,19,4,3
10,19,4,4
10,20,4,1
10,20,4,2
10,21,4,0
10,23,4,0
10,23,4,3
10,23,4,4
10,24,4,1
10,24,4,2
10,25,4,0
10,27,4,3
10,27,4,4
10,28,4,1
10,28,4,2
10,29,4,3
10,30,4,4
10,31,4,0
10,31,4,1
10,31,4,2
10,32,4,1
10,33,4,2
10,34,4,0
10,34,4,3
10,34,4,4
10,35,4,1
10,35,4,2
10,36,4,0
10,37,4,0
10,38,4,0
10,38,4,3
10,38,4,4
10,39,4,1
10,39,4,2
10,40,4,0
10,41,4,0
10,42,4,0
10,42,4,3
10,42,4,4
10,43,4,0
10,43,4,1
10,43,4,2
10,44,4,3
10,45,4,4
10,46,4,0
10,46,4,1
10,46,4,2
10,47,4,0
10,47,4,1
10,48,4,0
10,48,4,2
10,49,4,0
10,49,4,3
10,49,4,4
10,50,4,0
10,50,4,1
10,50,4,2
10,53,4,3
10,53,4,4
10,53,4,5
10,54,4,0
10,54,4,1
10,54,4,2
10,57,4,3
10,57,4,4
10,57,4,5
10,58,4,0
10,58,4,1
10,58,4,2
10,59,4,1
10,60,4,2
10,61,4,0
10,61,4,3
10,61,4,4
10,62,4,1
10,62,4,2
10,63,4,0
10,65,4,0
10,65,4,1
10,65,4,3
10,65,4,4
10,66,4,1
10,66,4,2
10,67,4,0
10,68,4,0
10,69,4,0
10,69,4,1
10,69,4,3
10,69,4,4
10,70,4,0
10,70,4,1
10,70,4,2
10,71,4,0
10,71,4,3
10,72,4,4
10,73,4,0
10,73,4,1
10,73,4,2
10,74,4,0
10,74,4,1
10,75,4,0
10,75,4,2
10,76,4,0
10,76,4,1
10,76,4,3
10,76,4,4
10,77,4,0
10,77,4,1
10,77,4,2
10,78,4,0
10,78,4,1
10,79,4,1
10,80,4,0
10,80,4,1
10,80,4,2
10,81,4,0
10,81,4,1
10,82,4,1
10,83,4,3
10,83,4,4
10,83,4,5
10,84,4,0
10,84,4,1
10,84,4,2
10,85,4,0
10,85,4,1
10,86,4,0
10,86,4,2
10,87,4,0
10,87,4,3
10,87,4,4
10,88,4,0
10,88,4,1
10,88,4,2
10,89,4,0
10,89,4,1
10,90,4,1
10,91,4,0
10,91,4,1
10,91,4,2
10,92,4,0
10,92,4,1
10,93,4,1
10,94,4,3
10,94,4,4
10,94,4,5
10,95,4,1
10,95,4,2
10,95,4,3
10,95,4,5
10,96,4,3
10,96,4,5
10,97,4,4
10,97,4,5
10,98,4,3
10,98,4,4
10,98,4,5
10,99,4,0
10,99,4,1
10,99,4,2
10,100,4,1
10,101,4,2
10,102,4,0
10,102,4,3
10,102,4,4
10,103,4,1
10,103,4,2
10,104,4,0
10,106,4,0
10,106,4,2
10,106,4,3
10,106,4,4
10,107,4,1
10,107,4,2
10,108,4,0
10,109,4,0
10,110,4,0
10,110,4,2
10,110,4,3
10,110,4,4
10,111,4,0
10,111,4,1
10,111,4,2
10,112,4,3
10,113,4,0
10,113,4,4
10,114,4,0
10,114,4,1
10,114,4,2
10,115,4,0
10,115,4,1
10,116,4,0
10,116,4,2
10,117,4,0
10,117,4,1
10,117,4,2
10,117,4,3
10,117,4,4
10,118,4,0
10,118,4,1
10,118,4,2
10,119,4,0
10,119,4,1
10,119,4,2
10,120,4,0
10,120,4,1
10,121,4,0
10,121,4,1
10,121,4,2
10,122,4,0
10,122,4,1
10,122,4,2
10,123,4,1
10,124,4,0
10,124,4,1
10,124,4,2
10,125,4,0
10,125,4,1
10,126,4,0
10,126,4,2
10,127,4,0
10,127,4,2
10,127,4,3
10,127,4,4
10,128,4,0
10,128,4,1
10,128,4,2
10,129,4,0
10,129,4,1
10,129,4,2
10,130,4,0
10,130,4,1
10,130,4,2
10,131,4,0
10,131,4,1
10,131,4,2
10,132,4,0
10,132,4,1
10,132,4,2
10,133,4,0
10,133,4,2
10,134,4,3
10,134,4,5
10,135,4,3
10,135,4,4
10,135,4,5
10,136,4,3
10,136,4,4
10,136,4,5
10,137,4,3
10,137,4,4
10,137,4,5
10,138,4,3
10,138,4,4
10,138,4,5
10,139,4,3
10,139,4,4
10,139,4,5
10,140,4,1
10,140,4,2
10,140,4,3
10,140,4,5
10,141,4,3
10,141,4,5
10,142,4,4
10,142,4,5
10,143,4,3
10,143,4,4
10,143,4,5
10,144,4,4
10,145,4,3
10,145,4,4
10,145,4,5
10,146,4,3
10,146,4,4
10,146,4,5
10,147,4,4
10,147,4,5
10,148,4,3
10,148,4,4
10,148,4,5
10,149,4,3
10,149,4,4
10,149,4,5
10,150,4,1
10,150,4,2
10,150,4,3
10,150,4,4
10,150,4,5
10,151,4,3
10,151,4,5
10,152,4,4
10,152,4,5
10,153,4,3
10,153,4,4
10,153,4,5
10,154,4,1
10,154,4,5
10,155,4,2
10,156,4,3
10,156,4,4
10,156,4,5
10,157,4,1
10,157,4,2
10,157,4,3
10,157,4,5
10,158,4,5
10,159,4,5
10,160,4,3
10,160,4,4
10,161,4,1
10,161,4,2
10,161,4,3
10,161,4,5
10,163,4,5
10,164,4,3
10,164,4,4
10,165,4,1
10,165,4,2
10,165,4,5
10,166,4,3
10,167,4,4
10,168,4,3
10,168,4,4
10,168,4,5
10,169,4,0
10,169,4,1
10,169,4,2
10,170,4,0
10,170,4,1
10,171,4,0
10,171,4,2
10,172,4,0
10,172,4,2
10,172,4,3
10,172,4,4
10,173,4,0
10,173,4,1
10,173,4,2
10,174,4,4
10,175,4,4
10,175,4,5
10,176,4,3
10,176,4,4
10,176,4,5
10,177,4,4
10,178,4,4
10,178,4,5
10,179,4,3
10,179,4,4
10,179,4,5
10,180,4,1
10,180,4,2
10,180,4,5
10,181,4,3
10,181,4,5
10,182,4,4
10,182,4,5
10,183,4,3
10,183,4,4
10,183,4,5
10,184,4,0
10,184,4,1
10,184,4,2
10,185,4,4
10,186,4,4
10,186,4,5
10,187,4,3
10,187,4,4
10,187,4,5
10,188,4,4
10,189,4,4
10,189,4,5
10,190,4,3
10,190,4,4
10,190,4,5
10,191,4,1
10,191,4,2
10,191,4,4
10,191,4,5
10,192,4,3
10,192,4,5
10,193,4,4
10,193,4,5
10,194,4,3
10,194,4,4
10,194,4,5
10,195,4,1
10,196,4,2
10,196,4,5
10,197,4,3
10,197,4,4
10,197,4,5
10,198,4,1
10,198,4,2
10,198,4,4
10,198,4,5
10,199,4,5
10,200,4,5
10,201,4,3
10,201,4,4
10,202,4,1
10,202,4,2
10,202,4,4
10,202,4,5
10,204,4,5
10,205,4,3
10,205,4,4
10,206,4,1
10,206,4,2
10,206,4,5
10,207,4,3
10,208,4,4
10,209,4,3
10,209,4,4
10,209,4,5
10,210,4,0
10,210,4,1
10,210,4,2
10,213,4,3
10,213,4,4
10,213,4,5
10,214,4,0
10,214,4,1
10,214,4,2
10,217,4,3
10,217,4,4
10,217,4,5
10,218,4,1
10,218,4,2
10,218,4,5
10,219,4,3
10,219,4,5
10,220,4,4
10,220,4,5
10,221,4,3
10,221,4,4
10,221,4,5
10,222,4,1
10,223,4,2
10,224,4,3
10,224,4,4
10,224,4,5
10,225,4,1
10,225,4,2
10,225,4,5
10,226,4,5
10,227,4,5
10,228,4,3
10,228,4,4
10,229,4,1
10,229,4,2
10,229,4,5
10,230,4,5
10,231,4,5
10,232,4,3
10,232,4,4
10,233,4,1
10,233,4,2
10,233,4,5
10,234,4,3
10,235,4,4
10,236,4,3
10,236,4,4
10,236,4,5
10,237,4,1
10,238,4,2
10,239,4,3
10,239,4,4
10,240,4,1
10,240,4,2
10,242,4,5
10,243,4,3
10,243,4,4
10,244,4,1
10,244,4,2
10,244,4,5
10,246,4,5
10,247,4,3
10,247,4,4
10,248,4,1
10,248,4,2
10,248,4,5
10,249,4,3
10,250,4,4
10,251,4,3
10,251,4,4
10,251,4,5
10,252,4,0
10,252,4,1
10,252,4,2
10,252,4,5
10,253,4,1
10,254,4,2
10,255,4,3
10,255,4,4
10,256,4,1
10,256,4,2
10,256,4,5
10,259,4,3
10,259,4,4
10,260,4,1
10,260,4,2
10,260,4,5
10,263,4,3
10,263,4,4
10,264,4,1
10,264,4,2
10,265,4,3
10,266,4,4
10,267,4,3
10,267,4,4
10,267,4,5
11,0,3,0
11,0,3,1
11,1,3,1
11,1,3,2
11,2,3,1
11,3,3,2
11,4,3,1
11,5,3,2
11,6,3,1
11,6,3,2
11,7,3,2
11,7,3,3
11,8,3,0
11,8,3,1
11,9,3,1
11,9,3,2
11,10,3,1
11,11,3,2
11,12,3,1
11,13,3,2
11,14,3,1
11,14,3,2
11,15,3,0
11,15,3,2
11,15,3,3
11,16,3,0
11,16,3,1
11,17,3,1
11,17,3,2
11,18,3,1
11,19,3,2
11,20,3,1
11,21,3,2
11,22,3,1
11,22,3,2
11,23,3,0
11,23,3,2
11,23,3,3
11,24,3,0
11,24,3,1
11,25,3,1
11,25,3,2
11,26,3,1
11,27,3,2
11,28,3,1
11,29,3,2
11,30,3,1
11,30,3,2
11,31,3,0
11,31,3,2
11,31,3,3
11,32,3,0
11,32,3,1
11,33,3,1
11,33,3,2
11,34,3,1
11,35,3,2
11,36,3,1
11,37,3,2
11,38,3,1
11,38,3,2
11,39,3,0
11,39,3,2
11,39,3,3
11,40,3,0
11,40,3,1
11,41,3,1
11,41,3,2
11,42,3,1
11,43,3,0
11,43,3,2
11,44,3,1
11,45,3,2
11,46,3,1
11,46,3,2
11,47,3,0
11,47,3,2
11,47,3,3
11,48,3,0
11,48,3,1
11,49,3,1
11,49,3,2
11,50,3,1
11,51,3,0
11,51,3,2
11,52,3,1
11,53,3,2
11,54,3,1
11,54,3,2
11,55,3,2
11,55,3,3
11,56,3,0
11,56,3,1
11,57,3,1
11,57,3,2
11,58,3,1
11,59,3,2
11,60,3,1
11,61,3,2
11,62,3,0
11,62,3,1
11,63,3,1
11,63,3,2
11,64,3,1
11,65,3,2
11,66,3,1
11,67,3,2
11,68,3,1
11,68,3,2
11,69,3,0
11,69,3,2
11,69,3,3
11,70,3,0
11,70,3,1
11,71,3,1
11,71,3,2
11,72,3,1
11,73,3,0
11,73,3,2
11,74,3,1
11,75,3,0
11,75,3,2
11,76,3,1
11,76,3,2
11,77,3,0
11,77,3,2
11,77,3,3
11,78,3,0
11,78,3,1
11,79,3,1
11,79,3,2
11,80,3,1
11,81,3,0
11,81,3,2
11,82,3,1
11,83,3,0
11,83,3,2
11,84,3,1
11,84,3,2
11,85,3,0
11,85,3,2
11,85,3,3
11,86,3,0
11,86,3,1
11,87,3,0
11,87,3,1
11,87,3,2
11,88,3,1
11,89,3,2
11,90,3,1
11,91,3,2
11,92,3,0
11,92,3,1
11,93,3,1
11,93,3,2
11,94,3,1
11,95,3,0
11,95,3,2
11,96,3,1
11,97,3,0
11,97,3,2
11,98,3,1
11,98,3,2
11,99,3,0
11,99,3,2
11,99,3,3
11,100,3,0
11,100,3,1
11,101,3,0
11,101,3,1
11,101,3,2
11,102,3,1
11,103,3,2
11,104,3,1
11,105,3,2
11,106,3,1
11,106,3,2
11,106,3,3
11,107,3,2
11,107,3,3
11,108,3,0
11,108,3,1
11,109,3,0
11,109,3,1
11,109,3,2
11,110,3,1
11,111,3,2
11,112,3,1
11,113,3,2
11,114,3,1
11,114,3,2
11,114,3,3
11,115,3,2
11,115,3,3
11,116,3,0
11,116,3,1
11,117,3,1
11,117,3,2
11,118,3,1
11,119,3,2
11,120,3,1
11,121,3,2
11,122,3,1
11,122,3,2
11,123,3,0
11,123,3,2
11,123,3,3
11,124,3,0
11,124,3,1
11,125,3,1
11,125,3,2
11,126,3,1
11,127,3,0
11,127,3,2
11,128,3,1
11,129,3,2
11,130,3,0
11,130,3,1
11,130,3,2
11,131,3,0
11,131,3,2
11,131,3,3
11,132,3,0
11,132,3,1
11,133,3,1
11,133,3,2
11,134,3,1
11,135,3,0
11,135,3,2
11,136,3,1
11,137,3,0
11,137,3,2
11,138,3,0
11,138,3,1
11,138,3,2
11,139,3,0
11,139,3,2
11,139,3,3
11,140,3,0
11,140,3,1
11,141,3,0
11,141,3,1
11,141,3,2
11,142,3,1
11,143,3,0
11,143,3,2
11,144,3,1
11,145,3,2
11,146,3,0
11,146,3,1
11,147,3,1
11,147,3,2
11,148,3,1
11,149,3,0
11,149,3,2
11,150,3,1
11,151,3,0
11,151,3,2
11,152,3,0
11,152,3,1
11,152,3,2
11,153,3,0
11,153,3,2
11,153,3,3
11,154,3,0
11,154,3,1
11,155,3,0
11,155,3,1
11,155,3,2
11,156,3,0
11,156,3,1
11,157,3,0
11,157,3,2
11,158,3,0
11,158,3,1
11,159,3,2
11,160,3,0
11,160,3,1
11,161,3,0
11,161,3,1
11,161,3,2
11,162,3,0
11,162,3,1
11,163,3,0
11,163,3,2
11,164,3,0
11,164,3,1
11,165,3,2
11,166,3,1
11,166,3,2
11,166,3,3
11,167,3,2
11,167,3,3
11,168,3,0
11,168,3,1
11,169,3,1
11,169,3,2
11,170,3,1
11,171,3,0
11,171,3,2
11,172,3,1
11,173,3,0
11,173,3,2
11,174,3,1
11,174,3,2
11,175,3,0
11,175,3,2
11,175,3,3
11,176,3,0
11,176,3,1
11,177,3,0
11,177,3,1
11,177,3,2
11,178,3,0
11,178,3,1
11,179,3,0
11,179,3,2
11,180,3,0
11,180,3,1
11,181,3,2
11,182,3,0
11,182,3,1
11,183,3,0
11,183,3,1
11,183,3,2
11,184,3,0
11,184,3,1
11,185,3,0
11,185,3,2
11,186,3,0
11,186,3,1
11,187,3,2
11,188,3,1
11,188,3,2
11,188,3,3
11,189,3,2
11,189,3,3
11,190,3,1
11,190,3,2
11,191,3,1
11,191,3,3
11,192,3,2
11,193,3,1
11,193,3,3
11,194,3,2
11,195,3,1
11,195,3,2
11,196,3,2
11,196,3,3
11,197,3,0
11,197,3,1
11,198,3,1
11,198,3,2
11,199,3,1
11,200,3,2
11,201,3,1
11,202,3,2
11,203,3,1
11,203,3,2
11,204,3,0
11,204,3,2
11,204,3,3
11,205,3,0
11,205,3,1
11,206,3,1
11,206,3,2
11,207,3,1
11,208,3,0
11,208,3,2
11,209,3,1
11,210,3,2
11,211,3,1
11,211,3,2
11,212,3,0
11,212,3,1
11,212,3,2
11,212,3,3
11,213,3,0
11,213,3,1
11,214,3,1
11,214,3,2
11,215,3,1
11,216,3,0
11,216,3,2
11,217,3,1
11,218,3,0
11,218,3,2
11,219,3,1
11,219,3,2
11,220,3,0
11,220,3,1
11,220,3,2
11,220,3,3
11,221,3,0
11,221,3,1
11,222,3,0
11,222,3,1
11,222,3,2
11,223,3,1
11,224,3,2
11,225,3,1
11,226,3,0
11,226,3,2
11,227,3,0
11,227,3,1
11,228,3,1
11,228,3,2
11,229,3,1
11,230,3,0
11,230,3,2
11,231,3,1
11,232,3,0
11,232,3,2
11,233,3,0
11,233,3,1
11,233,3,2
11,234,3,0
11,234,3,1
11,234,3,2
11,234,3,3
11,235,3,0
11,235,3,1
11,236,3,0
11,236,3,1
11,236,3,2
11,237,3,0
11,237,3,1
11,238,3,0
11,238,3,1
11,238,3,2
11,239,3,0
11,239,3,1
11,240,3,0
11,240,3,2
11,241,3,0
11,241,3,1
11,242,3,0
11,242,3,1
11,242,3,2
11,243,3,0
11,243,3,1
11,244,3,0
11,244,3,1
11,244,3,2
11,245,3,0
11,245,3,1
11,246,3,2
11,247,3,0
11,247,3,1
11,248,3,1
11,248,3,2
11,249,3,1
11,250,3,0
11,250,3,2
11,251,3,1
11,252,3,0
11,252,3,2
11,253,3,1
11,253,3,2
11,254,3,0
11,254,3,1
11,254,3,2
11,254,3,3
11,255,3,0
11,255,3,1
11,256,3,0
11,256,3,1
11,256,3,2
11,257,3,0
11,257,3,1
11,258,3,0
11,258,3,1
11,258,3,2
11,259,3,0
11,259,3,1
11,260,3,0
11,260,3,1
11,260,3,2
11,261,3,0
11,261,3,1
11,262,3,0
11,262,3,1
11,262,3,2
11,263,3,0
11,263,3,1
11,264,3,0
11,264,3,1
11,264,3,2
11,265,3,0
11,265,3,1
11,266,3,0
11,266,3,1
11,266,3,2
11,267,3,1
11,267,3,2
11,267,3,3
11,268,3,2
11,268,3,3
11,269,3,1
11,269,3,2
11,269,3,3
11,270,3,2
11,270,3,3
11,271,3,1
11,271,3,2
11,271,3,3
11,272,3,2
11,272,3,3
11,273,3,1
11,273,3,2
11,273,3,3
11,274,3,2
11,274,3,3
11,275,3,1
11,275,3,2
11,275,3,3
11,276,3,2
11,276,3,3
11,277,3,1
11,277,3,2
11,277,3,3
11,278,3,2
11,278,3,3
11,279,3,0
11,279,3,1
11,279,3,2
11,279,3,3
11,280,3,1
11,280,3,2
11,281,3,1
11,281,3,3
11,282,3,2
11,283,3,1
11,283,3,3
11,284,3,2
11,285,3,1
11,285,3,2
11,286,3,2
11,286,3,3
11,287,3,1
11,288,3,2
11,288,3,3
11,289,3,1
11,289,3,2
11,289,3,3
11,290,3,2
11,290,3,3
11,291,3,1
11,291,3,2
11,291,3,3
11,292,3,2
11,292,3,3
11,293,3,1
11,293,3,3
11,294,3,2
11,294,3,3
11,295,3,1
11,295,3,2
11,295,3,3
11,296,3,2
11,296,3,3
11,297,3,1
11,297,3,2
11,297,3,3
11,298,3,2
11,298,3,3
11,299,3,0
11,299,3,1
11,299,3,2
11,299,3,3
11,300,3,1
11,300,3,2
11,300,3,3
11,301,3,1
11,301,3,3
11,302,3,2
11,303,3,1
11,303,3,3
11,304,3,2
11,305,3,1
11,305,3,2
11,306,3,2
11,306,3,3
11,307,3,1
11,307,3,3
11,308,3,2
11,309,3,1
11,310,3,2
11,311,3,1
11,311,3,2
11,311,3,3
11,312,3,2
11,312,3,3
11,313,3,0
11,313,3,1
11,313,3,2
11,313,3,3
11,314,3,1
11,314,3,2
11,315,3,1
11,315,3,3
11,316,3,2
11,317,3,1
11,317,3,3
11,318,3,2
11,319,3,1
11,319,3,2
11,320,3,2
11,320,3,3
11,321,3,0
11,321,3,1
11,321,3,2
11,321,3,3
11,322,3,1
11,322,3,2
11,323,3,1
11,324,3,2
11,325,3,1
11,325,3,3
11,326,3,2
11,327,3,1
11,327,3,2
11,328,3,2
11,328,3,3
11,329,3,0
11,329,3,1
11,329,3,3
11,330,3,1
11,330,3,2
11,331,3,1
11,332,3,2
11,333,3,1
11,334,3,2
11,335,3,1
11,335,3,2
11,336,3,2
11,336,3,3
11,337,3,0
11,337,3,1
11,338,3,1
11,338,3,2
11,339,3,1
11,340,3,0
11,340,3,2
11,341,3,1
11,342,3,0
11,342,3,2
11,343,3,1
11,343,3,2
11,344,3,0
11,344,3,1
11,345,3,0
11,345,3,1
11,345,3,2
11,346,3,1
11,347,3,2
11,347,3,3
11,348,3,1
11,348,3,3
11,349,3,2
11,349,3,3
11,350,3,1
11,350,3,2
11,350,3,3
11,351,3,2
11,351,3,3
11,352,3,1
11,353,3,2
11,353,3,3
11,354,3,1
11,354,3,3
11,355,3,2
11,355,3,3
11,356,3,1
11,356,3,2
11,356,3,3
11,357,3,2
11,357,3,3
11,358,3,0
11,358,3,1
11,358,3,3
11,359,3,1
11,359,3,2
11,360,3,1
11,360,3,3
11,361,3,2
11,362,3,1
11,362,3,3
11,363,3,2
11,364,3,1
11,364,3,2
11,365,3,2
11,365,3,3
11,366,3,0
11,366,3,1
11,367,3,0
11,367,3,1
11,367,3,2
11,368,3,1
11,369,3,2
11,369,3,3
11,370,3,1
11,370,3,3
11,371,3,2
11,371,3,3
11,372,3,1
11,372,3,2
11,372,3,3
11,373,3,2
11,373,3,3
11,374,3,1
11,375,3,2
11,375,3,3
11,376,3,1
11,376,3,3
11,377,3,2
11,377,3,3
11,378,3,1
11,378,3,2
11,378,3,3
11,379,3,2
11,379,3,3
11,380,3,0
11,380,3,1
11,380,3,3
11,381,3,1
11,381,3,2
11,381,3,3
11,382,3,1
11,382,3,3
11,383,3,2
11,384,3,1
11,384,3,3
11,385,3,2
11,386,3,1
11,386,3,2
11,387,3,2
11,387,3,3
11,388,3,1
11,389,3,2
11,390,3,1
11,390,3,3
11,391,3,2
11,392,3,1
11,392,3,2
11,392,3,3
11,393,3,2
11,393,3,3
11,394,3,0
11,394,3,1
11,394,3,3
11,395,3,1
11,395,3,2
11,395,3,3
11,396,3,1
11,396,3,3
11,397,3,2
11,398,3,1
11,398,3,3
11,399,3,2
11,400,3,1
11,400,3,2
11,401,3,2
11,401,3,3
11,402,3,0
11,402,3,1
11,402,3,3
11,403,3,1
11,403,3,2
11,403,3,3
11,404,3,1
11,405,3,2
11,406,3,1
11,406,3,3
11,407,3,2
11,408,3,1
11,408,3,2
11,409,3,2
11,409,3,3
11,410,3,0
11,410,3,1
11,410,3,3
11,411,3,1
11,411,3,2
11,412,3,1
11,413,3,2
11,414,3,1
11,415,3,2
11,416,3,1
11,416,3,2
11,417,3,2
11,417,3,3
11,418,3,0
11,418,3,1
11,419,3,0
11,419,3,1
11,419,3,2
11,420,3,1
11,421,3,2
11,422,3,1
11,423,3,2
11,424,3,1
11,424,3,2
11,424,3,3
11,425,3,2
11,425,3,3
11,426,3,0
11,426,3,1
11,427,3,0
11,427,3,1
11,427,3,2
11,428,3,1
11,429,3,2
11,430,3,1
11,431,3,2
11,432,3,1
11,432,3,2
11,432,3,3
11,433,3,2
11,433,3,3
11,434,3,0
11,434,3,1
11,434,3,3
11,435,3,1
11,435,3,2
11,436,3,1
11,436,3,3
11,437,3,2
11,438,3,1
11,438,3,3
11,439,3,2
11,440,3,1
11,440,3,2
11,441,3,2
11,441,3,3
11,442,3,1
11,443,3,2
11,444,3,1
11,445,3,2
11,446,3,1
11,446,3,2
11,446,3,3
11,447,3,2
11,447,3,3
11,448,3,0
11,448,3,1
11,448,3,3
11,449,3,1
11,449,3,2
11,450,3,1
11,450,3,3
11,451,3,2
11,452,3,1
11,452,3,3
11,453,3,2
11,454,3,1
11,454,3,2
11,455,3,2
11,455,3,3
11,456,3,0
11,456,3,1
11,456,3,3
11,457,3,1
11,457,3,2
11,458,3,1
11,458,3,3
11,459,3,2
11,460,3,1
11,460,3,3
11,461,3,2
11,462,3,1
11,462,3,2
11,463,3,2
11,463,3,3
11,464,3,0
11,464,3,1
11,464,3,3
11,465,3,1
11,465,3,2
11,466,3,1
11,467,3,2
11,468,3,1
11,469,3,2
11,470,3,1
11,470,3,2
11,471,3,2
11,471,3,3
11,472,3,1
11,473,3,2
11,474,3,1
11,475,3,2
11,476,3,1
11,476,3,2
11,477,3,2
11,477,3,3
11,478,3,0
11,478,3,1
11,479,3,1
11,479,3,2
11,480,3,1
11,481,3,2
11,482,3,1
11,482,3,3
11,483,3,2
11,484,3,1
11,484,3,2
11,485,3,2
11,485,3,3
11,486,3,0
11,486,3,1
11,486,3,3
11,487,3,1
11,487,3,2
11,488,3,1
11,489,3,2
11,490,3,1
11,490,3,3
11,491,3,2
11,492,3,1
11,492,3,2
11,493,3,2
11,493,3,3
11,494,3,0
11,494,3,1
11,494,3,3
11,495,3,1
11,495,3,2
11,496,3,1
11,497,3,2
11,498,3,1
11,499,3,2
11,500,3,1
11,500,3,2
11,501,3,2
11,501,3,3
11,502,3,0
11,502,3,1
11,502,3,3
11,503,3,1
11,503,3,2
11,504,3,1
11,505,3,2
11,506,3,1
11,507,3,2
11,508,3,1
11,508,3,2
11,509,3,2
11,509,3,3
11,510,3,0
11,510,3,1
11,510,3,3
11,511,3,1
11,511,3,2
11,512,3,1
11,513,3,2
11,514,3,1
11,515,3,2
11,516,3,1
11,516,3,2
11,517,3,2
11,517,3,3
11,518,3,0
11,518,3,1
11,518,3,3
11,519,3,1
11,519,3,2
11,520,3,1
11,521,3,2
11,522,3,1
11,523,3,2
11,524,3,1
11,524,3,2
11,525,3,2
11,525,3,3
11,526,3,0
11,526,3,1
11,527,3,1
11,527,3,2
11,528,3,1
11,529,3,2
11,530,3,1
11,531,3,2
11,532,3,1
11,532,3,2
11,533,3,2
11,533,3,3
12,0,2,0
12,3,2,1
12,4,2,0
12,7,2,1
12,8,2,0
12,11,2,1
12,12,2,0
12,15,2,1
12,16,2,0
12,19,2,1
12,20,2,0
12,23,2,1
12,24,2,0
12,27,2,1
12,28,2,0
12,31,2,0
12,31,2,1
12,32,2,0
12,35,2,1
12,36,2,0
12,39,2,1
12,40,2,0
12,43,2,1
12,44,2,0
12,47,2,0
12,47,2,1
12,48,2,0
12,51,2,1
12,52,2,0
12,55,2,1
12,56,2,0
12,59,2,1
12,60,2,0
12,63,2,0
12,66,2,1
12,67,2,0
12,70,2,1
12,71,2,0
12,74,2,1
12,75,2,0
12,78,2,0
12,78,2,1
12,79,2,0
12,82,2,1
12,83,2,0
12,86,2,0
12,86,2,1
12,87,2,0
12,90,2,1
12,91,2,0
12,94,2,0
12,97,2,1
12,98,2,0
12,101,2,0
12,101,2,1
12,102,2,0
12,105,2,1
12,106,2,0
12,109,2,1
12,110,2,0
12,113,2,1
12,114,2,0
12,117,2,1
12,118,2,0
12,121,2,1
12,122,2,0
12,125,2,1
12,126,2,0
12,129,2,1
12,130,2,0
12,133,2,1
12,134,2,0
12,137,2,0
12,137,2,1
12,138,2,0
12,141,2,1
12,142,2,0
12,145,2,0
12,145,2,1
12,146,2,0
12,149,2,0
12,149,2,1
12,150,2,0
12,153,2,0
12,156,2,1
12,157,2,0
12,160,2,0
12,160,2,1
12,161,2,0
12,164,2,0
12,164,2,1
12,165,2,0
12,168,2,0
12,171,2,0
12,171,2,1
12,172,2,0
12,175,2,1
12,176,2,0
12,179,2,1
12,180,2,0
12,183,2,1
12,184,2,0
12,187,2,0
12,187,2,1
12,188,2,0
12,191,2,0
12,191,2,1
12,192,2,0
12,195,2,0
12,198,2,0
12,198,2,1
12,199,2,0
12,202,2,1
12,203,2,0
12,206,2,1
12,207,2,0
12,207,2,1
12,210,2,1
12,211,2,0
12,214,2,0
12,214,2,1
12,215,2,0
12,218,2,1
12,219,2,0
12,222,2,1
12,223,2,0
12,223,2,1
12,226,2,1
12,227,2,0
12,230,2,1
12,231,2,0
12,234,2,1
12,235,2,0
12,238,2,1
12,239,2,0
12,242,2,0
12,242,2,1
12,243,2,0
12,246,2,1
12,247,2,0
12,250,2,0
12,250,2,1
12,251,2,0
12,254,2,1
12,255,2,0
12,256,2,0
12,258,2,0
12,261,2,1
12,262,2,0
12,265,2,0
12,265,2,1
12,266,2,0
12,269,2,0
12,269,2,1
12,270,2,0
12,271,2,0
12,273,2,0
12,276,2,0
12,276,2,1
12,277,2,0
12,280,2,0
12,283,2,1
12,284,2,0
12,287,2,1
12,288,2,0
12,291,2,0
12,291,2,1
12,292,2,0
12,295,2,0
12,295,2,1
12,296,2,0
12,297,2,0
12,299,2,0
12,302,2,0
12,302,2,1
12,303,2,0
12,304,2,0
12,306,2,0
12,307,2,0
12,309,2,1
12,310,2,0
12,313,2,0
12,313,2,1
12,314,2,0
12,315,2,0
12,317,2,0
12,318,2,0
12,320,2,1
12,321,2,0
12,321,2,1
12,324,2,1
12,325,2,0
12,328,2,1
12,329,2,0
12,332,2,0
12,332,2,1
12,333,2,0
12,336,2,0
12,336,2,1
12,337,2,0
12,340,2,0
12,343,2,0
12,343,2,1
12,344,2,0
12,345,2,0
12,347,2,0
12,348,2,0
12,350,2,1
12,351,2,0
12,354,2,0
12,354,2,1
12,355,2,0
12,356,2,0
12,358,2,0
12,359,2,0
12,361,2,1
12,362,2,0
12,362,2,1
12,365,2,1
12,367,2,1
12,368,2,0
12,368,2,1
12,371,2,1
12,372,2,0
12,372,2,1
12,375,2,1
12,376,2,0
12,379,2,1
12,380,2,0
12,383,2,1
12,384,2,0
12,387,2,1
12,388,2,0
12,391,2,1
12,392,2,0
12,395,2,0
12,395,2,1
12,396,2,0
12,399,2,1
12,400,2,0
12,403,2,0
12,403,2,1
12,404,2,0
12,407,2,1
12,408,2,0
12,410,2,0
12,411,2,0
12,414,2,1
12,415,2,0
12,418,2,0
12,418,2,1
12,419,2,0
12,422,2,0
12,422,2,1
12,423,2,0
12,425,2,0
12,426,2,0
12,429,2,0
12,429,2,1
12,430,2,0
12,433,2,1
12,434,2,0
12,437,2,0
12,440,2,1
12,441,2,0
12,444,2,0
12,444,2,1
12,445,2,0
12,448,2,0
12,448,2,1
12,449,2,0
12,450,2,0
12,451,2,0
12,452,2,0
12,455,2,0
12,455,2,1
12,456,2,0
12,457,2,0
12,458,2,0
12,459,2,0
12,460,2,0
12,462,2,0
12,465,2,0
12,465,2,1
12,466,2,0
12,467,2,0
12,468,2,0
12,469,2,0
12,470,2,0
12,472,2,1
12,473,2,0
12,476,2,1
12,477,2,0
12,480,2,0
12,480,2,1
12,481,2,0
12,484,2,0
12,484,2,1
12,485,2,0
12,487,2,0
12,488,2,0
12,491,2,0
12,491,2,1
12,492,2,0
12,493,2,0
12,494,2,0
12,495,2,0
12,496,2,0
12,497,2,0
12,498,2,0
12,501,2,0
12,501,2,1
12,502,2,0
12,503,2,0
12,504,2,0
12,505,2,0
12,506,2,0
12,507,2,0
12,508,2,1
12,509,2,1
12,510,2,1
12,511,2,1
12,512,2,1
12,513,2,1
12,514,2,0
12,514,2,1
12,517,2,1
12,518,2,1
12,519,2,1
12,520,2,1
12,521,2,1
12,522,2,1
12,523,2,1
12,524,2,0
12,524,2,1
12,527,2,1
12,528,2,1
12,530,2,1
12,531,2,0
12,531,2,1
12,534,2,1
12,535,2,0
12,535,2,1
12,538,2,1
12,539,2,0
12,542,2,1
12,543,2,0
12,545,2,1
12,546,2,1
12,547,2,1
12,548,2,1
12,549,2,1
12,550,2,0
12,550,2,1
12,553,2,1
12,555,2,1
12,556,2,1
12,557,2,1
12,558,2,1
12,559,2,1
12,560,2,0
12,560,2,1
12,563,2,1
12,564,2,1
12,565,2,1
12,566,2,1
12,567,2,0
12,567,2,1
12,570,2,1
12,571,2,0
12,571,2,1
12,574,2,1
12,575,2,0
12,578,2,1
12,581,2,1
12,582,2,0
12,585,2,1
12,586,2,0
12,586,2,1
12,589,2,1
12,590,2,1
12,592,2,1
12,593,2,0
12,593,2,1
12,596,2,1
12,597,2,0
12,597,2,1
12,600,2,1
12,601,2,0
12,604,2,1
12,605,2,1
12,607,2,1
12,608,2,0
12,611,2,1
12,612,2,0
12,612,2,1
12,615,2,1
12,616,2,0
12,619,2,1
12,620,2,0
12,620,2,1
12,623,2,1
12,624,2,0
12,627,2,1
12,628,2,0
12,631,2,1
12,632,2,0
12,635,2,1
12,636,2,0
12,639,2,1
12,640,2,0
12,643,2,0
12,643,2,1
12,644,2,0
12,647,2,0
12,647,2,1
12,648,2,0
12,650,2,0
12,653,2,0
12,653,2,1
12,654,2,0
12,656,2,1
12,657,2,1
12,659,2,1
12,660,2,1
12,661,2,0
12,661,2,1
12,664,2,1
12,665,2,0
12,667,2,1
12,668,2,1
12,670,2,1
12,671,2,1
12,672,2,0
12,672,2,1
12,675,2,1
12,678,2,1
12,679,2,0
12,679,2,1
12,682,2,1
12,683,2,0
12,683,2,1
12,686,2,1
12,687,2,0
12,690,2,1
12,691,2,0
12,694,2,0
12,694,2,1
12,695,2,0
12,697,2,1
12,698,2,1
12,700,2,1
12,701,2,1
12,702,2,0
12,702,2,1
12,705,2,1
12,706,2,0
12,708,2,1
12,709,2,1
12,711,2,1
12,712,2,1
12,713,2,0
12,713,2,1
12,716,2,1
12,718,2,1
12,719,2,1
12,720,2,0
12,720,2,1
12,723,2,1
12,724,2,0
12,724,2,1
12,727,2,1
12,728,2,0
12,731,2,1
12,732,2,0
12,735,2,1
12,738,2,1
12,739,2,0
12,739,2,1
12,742,2,1
12,744,2,1
12,745,2,1
12,746,2,0
12,746,2,1
12,749,2,1
12,750,2,0
12,750,2,1
12,753,2,1
12,754,2,0
12,757,2,1
12,759,2,1
12,760,2,1
12,761,2,0
12,764,2,1
12,765,2,0
12,765,2,1
12,768,2,1
12,769,2,0
12,772,2,1
12,773,2,0
12,773,2,1
12,776,2,1
12,777,2,0
12,780,2,1
12,781,2,0
12,784,2,1
12,785,2,0
12,788,2,1
12,789,2,0
12,792,2,0
12,792,2,1
12,793,2,0
12,796,2,1
12,797,2,0
12,800,2,1
12,801,2,0
12,801,2,1
12,804,2,1
12,805,2,0
12,808,2,0
12,808,2,1
12,809,2,0
12,812,2,1
12,813,2,0
12,816,2,1
12,817,2,0
12,817,2,1
12,820,2,1
12,823,2,1
12,824,2,0
12,824,2,1
12,827,2,1
12,828,2,0
12,828,2,1
12,831,2,1
12,832,2,0
12,835,2,1
12,836,2,0
12,839,2,1
12,840,2,0
12,843,2,1
12,844,2,0
12,844,2,1
12,847,2,1
12,850,2,1
12,851,2,0
12,851,2,1
12,854,2,1
12,855,2,0
12,855,2,1
12,858,2,1
12,859,2,0
12,862,2,1
12,865,2,1
12,866,2,0
12,866,2,1
12,869,2,1
12,870,2,0
12,870,2,1
12,873,2,1
12,874,2,0
12,877,2,1
12,878,2,0
12,878,2,1
12,881,2,1
12,882,2,0
12,885,2,1
12,886,2,0
12,889,2,1
12,890,2,0
12,893,2,1
12,894,2,0
12,897,2,1
12,898,2,0
12,901,2,1
12,902,2,0
12,905,2,1
12,906,2,0
12,909,2,1
12,910,2,0
12,913,2,1
12,914,2,0
12,914,2,1
12,917,2,1
12,918,2,0
12,921,2,1
12,924,2,1
12,925,2,0
12,928,2,1
12,929,2,0
12,929,2,1
12,932,2,1
12,933,2,0
12,936,2,1
12,937,2,0
12,937,2,1
12,940,2,1
12,941,2,0
12,944,2,1
12,945,2,0
12,948,2,1
12,949,2,0
12,952,2,1
12,955,2,1
12,956,2,0
12,959,2,1
12,960,2,0
12,963,2,1
12,964,2,0
12,967,2,1
12,968,2,0
12,968,2,1
12,971,2,1
12,972,2,0
12,975,2,1
12,976,2,0
12,979,2,1
12,980,2,0
12,983,2,1
12,984,2,0
12,984,2,1
12,987,2,1
12,988,2,0
12,991,2,1
12,992,2,0
12,995,2,1
12,996,2,0
12,999,2,1
12,1000,2,0
12,1003,2,1
12,1004,2,0
12,1007,2,1
12,1008,2,0
12,1011,2,1
12,1012,2,0
12,1015,2,1
