7,0,4,0
6,0,5,0
10,0,1,0
8,0,3,0
9,0,2,0
7,0,4,1
6,0,5,1
8,0,3,1
7,0,4,2
6,0,5,2
10,1,1,1
6,0,5,3
10,2,1,0
6,0,5,4
7,1,4,1
6,0,5,5
9,3,2,1
8,1,3,1
10,3,1,1
9,4,2,0
8,1,3,2
10,4,1,0
10,5,1,1
8,2,3,1
10,6,1,0
7,2,4,2
9,7,2,1
10,7,1,1
9,8,2,0
6,1,5,0
7,3,4,0
10,8,1,0
6,1,5,1
8,3,3,2
7,3,4,3
10,9,1,1
7,3,4,4
10,10,1,0
9,11,2,1
6,1,5,5
8,4,3,1
7,4,4,1
10,11,1,1
9,12,2,0
6,1,5,6
7,4,4,2
10,12,1,0
6,1,5,8
10,13,1,1
7,5,4,0
10,14,1,0
9,15,2,0
8,5,3,2
9,15,2,1
6,2,5,0
10,15,1,1
9,16,2,0
10,16,1,0
8,6,3,1
6,2,5,2
8,6,3,2
6,2,5,3
10,17,1,1
10,18,1,0
8,7,3,0
6,2,5,5
9,19,2,1
9,20,2,0
7,7,4,0
10,19,1,1
8,7,3,2
9,23,2,0
7,7,4,2
10,20,1,0
9,23,2,1
9,24,2,0
8,7,3,3
7,7,4,3
7,7,4,4
8,8,3,0
9,27,2,1
9,28,2,0
10,21,1,1
8,8,3,1
10,22,1,0
9,30,2,0
7,8,4,1
7,8,4,2
6,3,5,0
9,33,2,1
10,23,1,1
9,34,2,0
10,24,1,0
8,9,3,1
9,37,2,0
9,37,2,1
7,9,4,0
9,38,2,0
8,9,3,2
6,3,5,3
10,25,1,1
9,41,2,0
10,26,1,0
9,41,2,1
6,3,5,4
9,42,2,0
8,10,3,1
9,44,2,0
6,3,5,6
10,27,1,1
7,10,4,0
10,28,1,0
9,47,2,0
9,47,2,1
9,48,2,0
6,3,5,8
8,11,3,0
9,50,2,1
10,29,1,1
9,51,2,1
9,52,2,0
10,30,1,0
8,11,3,2
7,11,4,0
9,55,2,1
10,31,1,0
9,56,2,0
6,4,5,0
7,11,4,2
8,12,3,1
9,59,2,0
7,11,4,3
9,59,2,1
10,32,1,1
9,60,2,0
7,11,4,4
6,4,5,3
10,33,1,0
9,63,2,0
9,63,2,1
6,4,5,4
7,12,4,0
9,64,2,0
9,65,2,0
6,4,5,5
9,66,2,0
10,34,1,1
7,12,4,1
8,13,3,2
10,35,1,0
7,12,4,2
9,69,2,0
9,69,2,1
9,70,2,0
9,71,2,0
10,36,1,1
8,14,3,1
9,72,2,1
10,37,1,0
9,73,2,1
8,14,3,2
9,74,2,0
9,74,2,1
6,5,5,0
10,38,1,1
6,5,5,1
8,15,3,0
9,77,2,1
7,13,4,3
9,78,2,1
10,39,1,0
8,15,3,1
9,79,2,1
9,80,2,0
9,80,2,1
6,5,5,4
6,5,5,5
7,14,4,0
9,83,2,1
10,40,1,1
9,84,2,0
6,5,5,6
9,84,2,1
7,14,4,1
8,16,3,1
10,41,1,0
7,14,4,2
8,16,3,2
9,87,2,1
6,5,5,8
9,88,2,0
10,42,1,1
10,43,1,0
9,91,2,1
8,17,3,1
9,92,2,0
9,93,2,0
6,6,5,1
7,15,4,0
9,95,2,1
10,44,1,1
9,96,2,0
8,18,3,0
9,96,2,1
6,6,5,3
7,15,4,1
10,45,1,0
9,99,2,1
8,18,3,2
6,6,5,5
9,101,2,1
6,6,5,6
9,102,2,0
10,46,1,0
9,102,2,1
8,19,3,1
9,105,2,1
9,106,2,0
9,106,2,1
7,16,4,0
10,47,1,1
8,20,3,0
10,48,1,0
9,109,2,1
9,110,2,0
6,7,5,0
7,16,4,2
8,20,3,2
6,7,5,1
6,7,5,2
10,49,1,1
9,113,2,1
6,7,5,3
10,50,1,0
9,115,2,1
8,21,3,1
6,7,5,4
7,17,4,0
8,21,3,2
9,116,2,0
6,7,5,5
7,17,4,1
8,22,3,0
7,17,4,2
10,51,1,1
8,22,3,1
7,17,4,3
10,52,1,0
7,17,4,4
8,23,3,0
8,23,3,1
6,8,5,0
8,23,3,2
6,8,5,1
7,18,4,0
6,8,5,2
10,53,1,1
8,24,3,1
7,18,4,1
6,8,5,4
10,54,1,0
6,8,5,5
7,18,4,2
9,119,2,1
6,8,5,6
8,25,3,2
6,8,5,8
9,120,2,0
10,55,1,1
8,25,3,3
8,26,3,0
9,120,2,1
10,56,1,0
8,26,3,1
6,9,5,0
7,19,4,0
6,9,5,2
7,19,4,1
6,9,5,3
8,27,3,1
7,19,4,2
6,9,5,4
8,27,3,2
10,57,1,1
6,9,5,5
10,58,1,0
7,19,4,4
8,28,3,1
6,9,5,8
9,123,2,1
8,29,3,0
7,20,4,1
10,59,1,1
8,29,3,2
9,124,2,0
10,60,1,0
6,10,5,3
7,20,4,3
8,30,3,1
7,20,4,4
6,10,5,6
6,10,5,7
7,20,4,5
8,31,3,0
6,10,5,8
10,61,1,1
6,10,5,9
8,31,3,2
10,62,1,0
6,10,5,11
8,32,3,0
8,32,3,1
8,32,3,2
7,21,4,3
10,63,1,1
6,11,5,3
8,33,3,0
7,21,4,4
8,33,3,1
10,64,1,0
9,127,2,1
6,11,5,5
7,21,4,5
6,11,5,6
8,34,3,0
9,128,2,0
6,11,5,7
8,34,3,1
7,22,4,1
8,34,3,2
9,128,2,1
6,11,5,9
10,65,1,1
7,22,4,2
6,11,5,10
8,35,3,0
10,66,1,0
8,35,3,1
6,11,5,11
7,22,4,3
7,22,4,4
7,22,4,5
10,67,1,1
8,36,3,2
8,36,3,3
10,68,1,0
6,12,5,6
8,37,3,1
6,12,5,7
8,37,3,2
6,12,5,8
9,131,2,1
7,23,4,3
8,37,3,3
6,12,5,9
10,69,1,1
6,12,5,10
9,132,2,0
6,12,5,11
10,70,1,0
7,23,4,5
8,38,3,2
8,38,3,3
8,39,3,1
10,71,1,1
8,39,3,2
6,13,5,5
8,39,3,3
10,72,1,0
6,13,5,6
8,40,3,1
6,13,5,8
7,24,4,4
10,73,1,0
8,40,3,3
7,24,4,5
6,13,5,10
9,135,2,1
8,41,3,2
10,74,1,1
6,14,5,3
9,136,2,0
10,75,1,0
8,42,3,1
6,14,5,5
7,25,4,3
6,14,5,6
8,42,3,3
6,14,5,7
7,25,4,4
10,76,1,1
7,25,4,5
8,43,3,2
6,14,5,10
10,77,1,0
6,14,5,11
8,44,3,1
8,44,3,2
9,139,2,1
7,26,4,2
9,140,2,0
10,78,1,1
10,79,1,0
8,45,3,2
6,15,5,6
8,45,3,3
6,15,5,7
8,46,3,0
6,15,5,8
10,80,1,0
9,143,2,1
8,46,3,1
6,15,5,11
7,27,4,3
10,81,1,1
8,47,3,2
10,82,1,0
7,27,4,4
6,16,5,3
8,48,3,1
7,27,4,5
8,48,3,2
6,16,5,5
8,48,3,3
10,83,1,1
6,16,5,7
7,28,4,1
6,16,5,8
10,84,1,0
8,49,3,2
7,28,4,2
8,49,3,3
7,28,4,3
6,16,5,11
8,50,3,1
8,50,3,2
7,28,4,5
10,85,1,1
8,51,3,1
10,86,1,0
8,51,3,3
6,17,5,6
6,17,5,8
8,52,3,2
6,17,5,9
10,87,1,1
6,17,5,11
10,88,1,0
7,29,4,5
8,53,3,1
8,53,3,3
6,18,5,3
10,89,1,1
8,54,3,2
6,18,5,5
6,18,5,6
10,90,1,0
8,55,3,1
8,55,3,2
10,91,1,0
7,30,4,5
6,18,5,10
6,18,5,11
8,56,3,2
10,92,1,1
8,56,3,3
10,93,1,0
7,31,4,3
8,57,3,1
8,57,3,2
6,19,5,6
7,31,4,4
6,19,5,7
8,58,3,1
6,19,5,8
10,94,1,1
6,19,5,9
10,95,1,0
6,19,5,10
7,32,4,1
6,19,5,11
10,95,1,1
8,59,3,2
7,32,4,2
8,60,3,1
7,32,4,3
10,96,1,1
8,60,3,3
10,97,1,0
7,32,4,5
8,61,3,2
8,62,3,1
8,62,3,2
10,98,1,1
8,63,3,2
10,99,1,0
8,63,3,3
8,64,3,0
8,64,3,1
8,64,3,3
8,65,3,1
10,100,1,1
8,65,3,2
10,101,1,0
8,66,3,1
8,67,3,2
10,102,1,1
7,34,4,5
8,68,3,1
10,103,1,0
8,69,3,2
10,104,1,1
8,70,3,1
7,35,4,3
8,70,3,2
10,105,1,0
7,35,4,4
8,71,3,2
8,71,3,3
10,106,1,1
7,36,4,1
10,107,1,0
7,36,4,2
10,108,1,1
10,109,1,0
7,36,4,5
10,110,1,1
10,111,1,0
7,37,4,3
10,112,1,1
10,113,1,0
10,114,1,0
7,38,4,4
10,115,1,1
10,116,1,0
10,117,1,1
10,118,1,0
7,39,4,3
7,39,4,4
10,119,1,1
7,39,4,5
10,120,1,0
10,121,1,0
10,122,1,1
10,123,1,0
10,124,1,0
10,125,1,1
10,126,1,0
10,127,1,1
10,128,1,0
10,129,1,1
10,130,1,0
10,131,1,0
10,132,1,1
10,133,1,0
10,134,1,1
10,135,1,0
10,136,1,1
10,137,1,1
10,138,1,0
10,139,1,1
10,140,1,0
10,141,1,1
10,142,1,0
10,143,1,1
10,144,1,1
10,145,1,0
10,146,1,1
10,147,1,1
10,148,1,0
10,149,1,1
10,150,1,0
10,151,1,1
10,152,1,0
10,153,1,1
10,154,1,1
10,155,1,0
10,156,1,1
10,157,1,0
10,158,1,1
10,159,1,0
10,160,1,1
10,161,1,0
10,162,1,1
10,163,1,0
10,164,1,1
10,165,1,0
10,166,1,1
10,167,1,0
10,168,1,1
10,169,1,0
10,170,1,1
10,171,1,0
10,172,1,0
10,172,1,1
10,173,1,0
10,174,1,1
10,175,1,0
10,176,1,1
10,177,1,1
10,178,1,0
10,179,1,1
10,180,1,0
10,181,1,1
10,182,1,0
10,183,1,1
10,184,1,0
10,185,1,1
10,186,1,0
10,187,1,1
10,188,1,1
10,189,1,0
10,190,1,1
10,191,1,0
10,192,1,1
10,193,1,0
10,194,1,1
10,195,1,1
10,196,1,0
10,197,1,1
10,198,1,0
10,199,1,1
10,200,1,0
10,201,1,1
10,202,1,0
10,203,1,1
10,204,1,0
10,205,1,1
10,206,1,0
10,207,1,1
10,208,1,0
10,209,1,1
10,210,1,0
10,211,1,1
10,212,1,0
10,213,1,1
10,214,1,0
10,215,1,1
10,216,1,0
10,217,1,1
10,218,1,0
10,219,1,1
10,220,1,0
10,221,1,1
10,222,1,1
10,223,1,0
10,224,1,1
10,225,1,0
10,226,1,1
10,227,1,0
10,228,1,1
10,229,1,0
10,230,1,1
10,231,1,0
10,232,1,1
10,233,1,0
10,234,1,1
10,235,1,0
10,236,1,1
10,237,1,1
10,238,1,0
10,239,1,1
10,240,1,0
10,241,1,1
10,242,1,0
10,243,1,1
10,244,1,0
10,245,1,1
10,246,1,0
10,247,1,1
10,248,1,0
10,249,1,1
10,250,1,0
10,251,1,1
10,252,1,0
10,253,1,1
10,254,1,0
10,255,1,1
10,256,1,0
10,257,1,1
10,258,1,0
10,259,1,1
10,260,1,0
10,261,1,1
10,262,1,0
10,263,1,1
10,264,1,0
10,265,1,1
10,266,1,0
10,267,1,1
