0000000000
1000000000
0100000000
1100000000
0010000000
1010000000
0110000000
1110000000
0001000000
1001000000
0101000000
1101000000
0011000000
1011000000
0111000000
1111000000
0000100000
1000100000
0100100000
1100100000
0010100000
1010100000
0110100000
1110100000
0001100000
1001100000
0101100000
1101100000
0011100000
1011100000
0111100000
0000010000
1000010000
0100010000
1100010000
0010010000
1010010000
0110010000
1110010000
0001010000
1001010000
0101010000
1101010000
0011010000
1011010000
0111010000
0000110000
1000110000
0100110000
1100110000
0010110000
1010110000
0110110000
1110110000
0001110000
1001110000
0101110000
1101110000
0000001000
1000001000
0100001000
1100001000
0010001000
1010001000
0110001000
1110001000
0001001000
1001001000
0101001000
1101001000
0011001000
1011001000
0111001000
0000101000
1000101000
0100101000
1100101000
0010101000
1010101000
0110101000
0001101000
1001101000
0101101000
1101101000
0000011000
1000011000
0100011000
1100011000
0010011000
1010011000
0110011000
0001011000
1001011000
0101011000
1101011000
0011011000
1011011000
0111011000
1111011000
0000000100
1000000100
0100000100
1100000100
0010000100
1010000100
0110000100
1110000100
0001000100
1001000100
0101000100
1101000100
0011000100
1011000100
0111000100
0000100100
1000100100
0100100100
1100100100
0010100100
1010100100
0110100100
0001100100
1001100100
0101100100
0000010100
1000010100
0100010100
1100010100
0010010100
1010010100
0110010100
0001010100
1001010100
0101010100
1010101011
0110101011
1110101011
1001101011
0101101011
1101101011
0011101011
1011101011
0111101011
1111101011
1010011011
0110011011
1110011011
1001011011
0101011011
1101011011
0011011011
1011011011
0111011011
1111011011
1000111011
0100111011
1100111011
0010111011
1010111011
0110111011
1110111011
0001111011
1001111011
0101111011
1101111011
0011111011
1011111011
0111111011
1111111011
0000100111
1000100111
0100100111
1100100111
0010100111
1010100111
0110100111
1110100111
1001100111
0101100111
1101100111
0011100111
1011100111
0111100111
1111100111
0010010111
1010010111
0110010111
1110010111
1001010111
0101010111
1101010111
0011010111
1011010111
0111010111
1111010111
1000110111
0100110111
1100110111
0010110111
1010110111
0110110111
1110110111
0001110111
1001110111
0101110111
1101110111
0011110111
1011110111
0111110111
1111110111
0010001111
1010001111
0110001111
1110001111
0001001111
1001001111
0101001111
1101001111
0011001111
1011001111
0111001111
1111001111
1000101111
0100101111
1100101111
0010101111
1010101111
0110101111
1110101111
0001101111
1001101111
0101101111
1101101111
0011101111
1011101111
0111101111
1111101111
1000011111
0100011111
1100011111
0010011111
1010011111
0110011111
1110011111
0001011111
1001011111
0101011111
1101011111
0011011111
1011011111
0111011111
1111011111
0000111111
1000111111
0100111111
1100111111
0010111111
1010111111
0110111111
1110111111
0001111111
1001111111
0101111111
1101111111
0011111111
1011111111
0111111111
1111111111
