00000000000
10000000000
01000000000
11000000000
00100000000
10100000000
01100000000
11100000000
00010000000
10010000000
01010000000
11010000000
00110000000
10110000000
01110000000
11110000000
00001000000
10001000000
01001000000
11001000000
00101000000
10101000000
01101000000
11101000000
00011000000
10011000000
01011000000
11011000000
00111000000
10111000000
01111000000
11111000000
00000100000
10000100000
01000100000
11000100000
00100100000
10100100000
01100100000
11100100000
00010100000
10010100000
01010100000
11010100000
00110100000
10110100000
01110100000
11110100000
00001100000
10001100000
01001100000
11001100000
00101100000
10101100000
01101100000
11101100000
00011100000
10011100000
01011100000
11011100000
00111100000
10111100000
00000010000
10000010000
01000010000
11000010000
00100010000
10100010000
01100010000
11100010000
00010010000
10010010000
01010010000
11010010000
00110010000
10110010000
01110010000
11110010000
00001010000
10001010000
01001010000
11001010000
00101010000
10101010000
01101010000
11101010000
00011010000
10011010000
01011010000
11011010000
00111010000
10111010000
00000110000
10000110000
01000110000
11000110000
00100110000
10100110000
01100110000
11100110000
00010110000
10010110000
01010110000
11010110000
00110110000
10110110000
01110110000
11110110000
00001110000
10001110000
01001110000
11001110000
00101110000
10101110000
01101110000
11101110000
00000001000
10000001000
01000001000
11000001000
00100001000
10100001000
01100001000
11100001000
00010001000
10010001000
01010001000
11010001000
00110001000
10110001000
01110001000
11110001000
00001001000
10001001000
01001001000
11001001000
00101001000
10101001000
01101001000
11101001000
00011001000
10011001000
01011001000
11011001000
00111001000
10111001000
00000101000
10000101000
01000101000
11000101000
00100101000
10100101000
01100101000
11100101000
00010101000
10010101000
01010101000
11010101000
00110101000
10110101000
00001101000
10001101000
01001101000
11001101000
00101101000
10101101000
01101101000
11101101000
00000011000
10000011000
01000011000
11000011000
00100011000
10100011000
01100011000
11100011000
00010011000
10010011000
01010011000
11010011000
00110011000
10110011000
00001011000
10001011000
01001011000
11001011000
00101011000
10101011000
01101011000
11101011000
10011011000
01011011000
11011011000
00111011000
10111011000
01111011000
11111011000
00000000100
10000000100
01000000100
11000000100
00100000100
10100000100
01100000100
11100000100
00010000100
10010000100
01010000100
11010000100
00110000100
10110000100
01110000100
11110000100
00001000100
10001000100
01001000100
11001000100
00101000100
10101000100
01101000100
11101000100
00011000100
10011000100
01011000100
11011000100
00111000100
10111000100
00000100100
10000100100
01000100100
11000100100
00100100100
10100100100
01100100100
11100100100
00010100100
10010100100
01010100100
11010100100
00110100100
10110100100
00001100100
10001100100
01001100100
11001100100
00101100100
10101100100
00000010100
10000010100
01000010100
11000010100
00100010100
10100010100
01100010100
11100010100
00010010100
10010010100
01010010100
11010010100
00110010100
10110010100
00001010100
10001010100
01001010100
11001010100
00101010100
10101010100
01010101011
11010101011
00110101011
10110101011
01110101011
11110101011
01001101011
11001101011
00101101011
10101101011
01101101011
11101101011
00011101011
10011101011
01011101011
11011101011
00111101011
10111101011
01111101011
11111101011
01010011011
11010011011
00110011011
10110011011
01110011011
11110011011
01001011011
11001011011
00101011011
10101011011
01101011011
11101011011
00011011011
10011011011
01011011011
11011011011
00111011011
10111011011
01111011011
11111011011
01000111011
11000111011
00100111011
10100111011
01100111011
11100111011
00010111011
10010111011
01010111011
11010111011
00110111011
10110111011
01110111011
11110111011
00001111011
10001111011
01001111011
11001111011
00101111011
10101111011
01101111011
11101111011
00011111011
10011111011
01011111011
11011111011
00111111011
10111111011
01111111011
11111111011
00000100111
10000100111
01000100111
11000100111
00100100111
10100100111
01100100111
00010100111
10010100111
01010100111
11010100111
00110100111
10110100111
01110100111
11110100111
01001100111
11001100111
00101100111
10101100111
01101100111
11101100111
00011100111
10011100111
01011100111
11011100111
00111100111
10111100111
01111100111
11111100111
00010010111
10010010111
01010010111
11010010111
00110010111
10110010111
01110010111
11110010111
01001010111
11001010111
00101010111
10101010111
01101010111
11101010111
00011010111
10011010111
01011010111
11011010111
00111010111
10111010111
01111010111
11111010111
01000110111
11000110111
00100110111
10100110111
01100110111
11100110111
00010110111
10010110111
01010110111
11010110111
00110110111
10110110111
01110110111
11110110111
00001110111
10001110111
01001110111
11001110111
00101110111
10101110111
01101110111
11101110111
00011110111
10011110111
01011110111
11011110111
00111110111
10111110111
01111110111
11111110111
00010001111
10010001111
01010001111
11010001111
00110001111
10110001111
01110001111
11110001111
00001001111
10001001111
01001001111
11001001111
00101001111
10101001111
01101001111
11101001111
00011001111
10011001111
01011001111
11011001111
00111001111
10111001111
01111001111
11111001111
01000101111
11000101111
00100101111
10100101111
01100101111
11100101111
00010101111
10010101111
01010101111
11010101111
00110101111
10110101111
01110101111
11110101111
00001101111
10001101111
01001101111
11001101111
00101101111
10101101111
01101101111
11101101111
00011101111
10011101111
01011101111
11011101111
00111101111
10111101111
01111101111
11111101111
01000011111
11000011111
00100011111
10100011111
01100011111
11100011111
00010011111
10010011111
01010011111
11010011111
00110011111
10110011111
01110011111
11110011111
00001011111
10001011111
01001011111
11001011111
00101011111
10101011111
01101011111
11101011111
00011011111
10011011111
01011011111
11011011111
00111011111
10111011111
01111011111
11111011111
00000111111
10000111111
01000111111
11000111111
00100111111
10100111111
01100111111
11100111111
00010111111
10010111111
01010111111
11010111111
00110111111
10110111111
01110111111
11110111111
00001111111
10001111111
01001111111
11001111111
00101111111
10101111111
01101111111
11101111111
00011111111
10011111111
01011111111
11011111111
00111111111
10111111111
01111111111
11111111111
