00000000
10000000
01000000
11000000
00100000
10100000
01100000
11100000
00010000
10010000
01010000
11010000
00110000
10110000
01110000
00001000
10001000
01001000
11001000
00101000
10101000
01101000
00011000
10011000
01011000
11011000
00000100
10000100
01000100
11000100
00100100
10100100
01100100
00010100
10010100
01010100
10101011
01101011
11101011
10011011
01011011
11011011
00111011
10111011
01111011
11111011
00100111
10100111
01100111
11100111
10010111
01010111
11010111
00110111
10110111
01110111
11110111
10001111
01001111
11001111
00101111
10101111
01101111
11101111
00011111
10011111
01011111
11011111
00111111
10111111
01111111
11111111
