000000000
100000000
010000000
110000000
001000000
101000000
011000000
111000000
000100000
100100000
010100000
110100000
001100000
101100000
011100000
111100000
000010000
100010000
010010000
110010000
001010000
101010000
011010000
111010000
000110000
100110000
010110000
110110000
001110000
101110000
000001000
100001000
010001000
110001000
001001000
101001000
011001000
111001000
000101000
100101000
010101000
110101000
001101000
101101000
000011000
100011000
010011000
110011000
001011000
101011000
011011000
111011000
000000100
100000100
010000100
110000100
001000100
101000100
011000100
111000100
000100100
100100100
010100100
110100100
001100100
101100100
000010100
100010100
010010100
110010100
001010100
101010100
010101011
110101011
001101011
101101011
011101011
111101011
010011011
110011011
001011011
101011011
011011011
111011011
000111011
100111011
010111011
110111011
001111011
101111011
011111011
111111011
000100111
100100111
010100111
110100111
001100111
101100111
011100111
111100111
010010111
110010111
001010111
101010111
011010111
111010111
000110111
100110111
010110111
110110111
001110111
101110111
011110111
111110111
010001111
110001111
001001111
101001111
011001111
111001111
000101111
100101111
010101111
110101111
001101111
101101111
011101111
111101111
000011111
100011111
010011111
110011111
001011111
101011111
011011111
111011111
000111111
100111111
010111111
110111111
001111111
101111111
011111111
111111111
