000000000000
100000000000
010000000000
110000000000
001000000000
101000000000
011000000000
111000000000
000100000000
100100000000
010100000000
110100000000
001100000000
101100000000
011100000000
111100000000
000010000000
100010000000
010010000000
110010000000
001010000000
101010000000
011010000000
111010000000
000110000000
100110000000
010110000000
110110000000
001110000000
101110000000
011110000000
111110000000
000001000000
100001000000
010001000000
110001000000
001001000000
101001000000
011001000000
111001000000
000101000000
100101000000
010101000000
110101000000
001101000000
101101000000
011101000000
111101000000
000011000000
100011000000
010011000000
110011000000
001011000000
101011000000
011011000000
111011000000
000111000000
100111000000
010111000000
110111000000
001111000000
101111000000
011111000000
000000100000
100000100000
010000100000
110000100000
001000100000
101000100000
011000100000
111000100000
000100100000
100100100000
010100100000
110100100000
001100100000
101100100000
011100100000
111100100000
000010100000
100010100000
010010100000
110010100000
001010100000
101010100000
011010100000
111010100000
000110100000
100110100000
010110100000
110110100000
001110100000
101110100000
011110100000
000001100000
100001100000
010001100000
110001100000
001001100000
101001100000
011001100000
111001100000
000101100000
100101100000
010101100000
110101100000
001101100000
101101100000
011101100000
111101100000
000011100000
100011100000
010011100000
110011100000
001011100000
101011100000
011011100000
111011100000
000111100000
100111100000
010111100000
110111100000
000000010000
100000010000
010000010000
110000010000
001000010000
101000010000
011000010000
111000010000
000100010000
100100010000
010100010000
110100010000
001100010000
101100010000
011100010000
111100010000
000010010000
100010010000
010010010000
110010010000
001010010000
101010010000
011010010000
111010010000
000110010000
100110010000
010110010000
110110010000
001110010000
101110010000
011110010000
000001010000
100001010000
010001010000
110001010000
001001010000
101001010000
011001010000
111001010000
000101010000
100101010000
010101010000
110101010000
001101010000
101101010000
011101010000
000011010000
100011010000
010011010000
110011010000
001011010000
101011010000
011011010000
111011010000
000111010000
100111010000
010111010000
110111010000
000000110000
100000110000
010000110000
110000110000
001000110000
101000110000
011000110000
111000110000
000100110000
100100110000
010100110000
110100110000
001100110000
101100110000
011100110000
000010110000
100010110000
010010110000
110010110000
001010110000
101010110000
011010110000
111010110000
000110110000
100110110000
010110110000
110110110000
001110110000
101110110000
011110110000
111110110000
000001110000
100001110000
010001110000
110001110000
001001110000
101001110000
011001110000
111001110000
000101110000
100101110000
010101110000
110101110000
001101110000
101101110000
011101110000
111101110000
000000001000
100000001000
010000001000
110000001000
001000001000
101000001000
011000001000
111000001000
000100001000
100100001000
010100001000
110100001000
001100001000
101100001000
011100001000
111100001000
000010001000
100010001000
010010001000
110010001000
001010001000
101010001000
011010001000
111010001000
000110001000
100110001000
010110001000
110110001000
001110001000
101110001000
011110001000
000001001000
100001001000
010001001000
110001001000
001001001000
101001001000
011001001000
111001001000
000101001000
100101001000
010101001000
110101001000
001101001000
101101001000
011101001000
000011001000
100011001000
010011001000
110011001000
001011001000
101011001000
011011001000
000111001000
100111001000
010111001000
110111001000
000000101000
100000101000
010000101000
110000101000
001000101000
101000101000
011000101000
111000101000
000100101000
100100101000
010100101000
110100101000
001100101000
101100101000
011100101000
000010101000
100010101000
010010101000
110010101000
001010101000
101010101000
011010101000
000110101000
100110101000
010110101000
110110101000
000001101000
100001101000
010001101000
110001101000
001001101000
101001101000
011001101000
000101101000
100101101000
010101101000
110101101000
001101101000
101101101000
011101101000
111101101000
000000011000
100000011000
010000011000
110000011000
001000011000
101000011000
011000011000
111000011000
000100011000
100100011000
010100011000
110100011000
001100011000
101100011000
011100011000
000010011000
100010011000
010010011000
110010011000
001010011000
101010011000
011010011000
000110011000
100110011000
010110011000
110110011000
000001011000
100001011000
010001011000
110001011000
001001011000
101001011000
011001011000
000101011000
100101011000
010101011000
110101011000
001101011000
101101011000
011101011000
111101011000
010011011000
110011011000
001011011000
101011011000
011011011000
111011011000
000111011000
100111011000
010111011000
110111011000
001111011000
101111011000
011111011000
111111011000
000000000100
100000000100
010000000100
110000000100
001000000100
101000000100
011000000100
111000000100
000100000100
100100000100
010100000100
110100000100
001100000100
101100000100
011100000100
111100000100
000010000100
100010000100
010010000100
110010000100
001010000100
101010000100
011010000100
111010000100
000110000100
100110000100
010110000100
110110000100
001110000100
101110000100
011110000100
000001000100
100001000100
010001000100
110001000100
001001000100
101001000100
011001000100
111001000100
000101000100
100101000100
010101000100
110101000100
001101000100
101101000100
011101000100
000011000100
100011000100
010011000100
110011000100
001011000100
101011000100
011011000100
111011000100
000111000100
100111000100
010111000100
000000100100
100000100100
010000100100
110000100100
001000100100
101000100100
011000100100
111000100100
000100100100
100100100100
010100100100
110100100100
001100100100
101100100100
011100100100
000010100100
100010100100
010010100100
110010100100
001010100100
101010100100
011010100100
000110100100
100110100100
010110100100
000001100100
100001100100
010001100100
110001100100
001001100100
101001100100
011001100100
000101100100
100101100100
010101100100
110101100100
000000010100
100000010100
010000010100
110000010100
001000010100
101000010100
011000010100
111000010100
000100010100
100100010100
010100010100
110100010100
001100010100
101100010100
011100010100
000010010100
100010010100
010010010100
110010010100
001010010100
101010010100
011010010100
000110010100
100110010100
010110010100
000001010100
100001010100
010001010100
110001010100
001001010100
101001010100
011001010100
000101010100
100101010100
010101010100
101010101011
011010101011
111010101011
100110101011
010110101011
110110101011
001110101011
101110101011
011110101011
111110101011
101001101011
011001101011
111001101011
100101101011
010101101011
110101101011
001101101011
101101101011
011101101011
111101101011
100011101011
010011101011
110011101011
001011101011
101011101011
011011101011
111011101011
000111101011
100111101011
010111101011
110111101011
001111101011
101111101011
011111101011
111111101011
001010011011
101010011011
011010011011
111010011011
100110011011
010110011011
110110011011
001110011011
101110011011
011110011011
111110011011
101001011011
011001011011
111001011011
100101011011
010101011011
110101011011
001101011011
101101011011
011101011011
111101011011
100011011011
010011011011
110011011011
001011011011
101011011011
011011011011
111011011011
000111011011
100111011011
010111011011
110111011011
001111011011
101111011011
011111011011
111111011011
101000111011
011000111011
111000111011
000100111011
100100111011
010100111011
110100111011
001100111011
101100111011
011100111011
111100111011
100010111011
010010111011
110010111011
001010111011
101010111011
011010111011
111010111011
000110111011
100110111011
010110111011
110110111011
001110111011
101110111011
011110111011
111110111011
100001111011
010001111011
110001111011
001001111011
101001111011
011001111011
111001111011
000101111011
100101111011
010101111011
110101111011
001101111011
101101111011
011101111011
111101111011
000011111011
100011111011
010011111011
110011111011
001011111011
101011111011
011011111011
111011111011
000111111011
100111111011
010111111011
110111111011
001111111011
101111111011
011111111011
111111111011
000000100111
100000100111
010000100111
110000100111
001000100111
101000100111
011000100111
111000100111
000100100111
100100100111
010100100111
110100100111
001100100111
101100100111
000010100111
100010100111
010010100111
110010100111
001010100111
101010100111
011010100111
111010100111
100110100111
010110100111
110110100111
001110100111
101110100111
011110100111
111110100111
001001100111
101001100111
011001100111
111001100111
100101100111
010101100111
110101100111
001101100111
101101100111
011101100111
111101100111
100011100111
010011100111
110011100111
001011100111
101011100111
011011100111
111011100111
000111100111
100111100111
010111100111
110111100111
001111100111
101111100111
011111100111
111111100111
000010010111
100010010111
010010010111
110010010111
001010010111
101010010111
011010010111
111010010111
100110010111
010110010111
110110010111
001110010111
101110010111
011110010111
111110010111
001001010111
101001010111
011001010111
111001010111
100101010111
010101010111
110101010111
001101010111
101101010111
011101010111
111101010111
100011010111
010011010111
110011010111
001011010111
101011010111
011011010111
111011010111
000111010111
100111010111
010111010111
110111010111
001111010111
101111010111
011111010111
111111010111
001000110111
101000110111
011000110111
111000110111
100100110111
010100110111
110100110111
001100110111
101100110111
011100110111
111100110111
100010110111
010010110111
110010110111
001010110111
101010110111
011010110111
111010110111
000110110111
100110110111
010110110111
110110110111
001110110111
101110110111
011110110111
111110110111
100001110111
010001110111
110001110111
001001110111
101001110111
011001110111
111001110111
000101110111
100101110111
010101110111
110101110111
001101110111
101101110111
011101110111
111101110111
000011110111
100011110111
010011110111
110011110111
001011110111
101011110111
011011110111
111011110111
000111110111
100111110111
010111110111
110111110111
001111110111
101111110111
011111110111
111111110111
000010001111
100010001111
010010001111
110010001111
001010001111
101010001111
011010001111
111010001111
000110001111
100110001111
010110001111
110110001111
001110001111
101110001111
011110001111
111110001111
000001001111
100001001111
010001001111
110001001111
001001001111
101001001111
011001001111
111001001111
000101001111
100101001111
010101001111
110101001111
001101001111
101101001111
011101001111
111101001111
100011001111
010011001111
110011001111
001011001111
101011001111
011011001111
111011001111
000111001111
100111001111
010111001111
110111001111
001111001111
101111001111
011111001111
111111001111
001000101111
101000101111
011000101111
111000101111
000100101111
100100101111
010100101111
110100101111
001100101111
101100101111
011100101111
111100101111
100010101111
010010101111
110010101111
001010101111
101010101111
011010101111
111010101111
000110101111
100110101111
010110101111
110110101111
001110101111
101110101111
011110101111
111110101111
100001101111
010001101111
110001101111
001001101111
101001101111
011001101111
111001101111
000101101111
100101101111
010101101111
110101101111
001101101111
101101101111
011101101111
111101101111
000011101111
100011101111
010011101111
110011101111
001011101111
101011101111
011011101111
111011101111
000111101111
100111101111
010111101111
110111101111
001111101111
101111101111
011111101111
111111101111
001000011111
101000011111
011000011111
111000011111
000100011111
100100011111
010100011111
110100011111
001100011111
101100011111
011100011111
111100011111
000010011111
100010011111
010010011111
110010011111
001010011111
101010011111
011010011111
111010011111
000110011111
100110011111
010110011111
110110011111
001110011111
101110011111
011110011111
111110011111
100001011111
010001011111
110001011111
001001011111
101001011111
011001011111
111001011111
000101011111
100101011111
010101011111
110101011111
001101011111
101101011111
011101011111
111101011111
000011011111
100011011111
010011011111
110011011111
001011011111
101011011111
011011011111
111011011111
000111011111
100111011111
010111011111
110111011111
001111011111
101111011111
011111011111
111111011111
100000111111
010000111111
110000111111
001000111111
101000111111
011000111111
111000111111
000100111111
100100111111
010100111111
110100111111
001100111111
101100111111
011100111111
111100111111
000010111111
100010111111
010010111111
110010111111
001010111111
101010111111
011010111111
111010111111
000110111111
100110111111
010110111111
110110111111
001110111111
101110111111
011110111111
111110111111
000001111111
100001111111
010001111111
110001111111
001001111111
101001111111
011001111111
111001111111
000101111111
100101111111
010101111111
110101111111
001101111111
101101111111
011101111111
111101111111
000011111111
100011111111
010011111111
110011111111
001011111111
101011111111
011011111111
111011111111
000111111111
100111111111
010111111111
110111111111
001111111111
101111111111
011111111111
111111111111
