0000000000000
1000000000000
0100000000000
1100000000000
0010000000000
1010000000000
0110000000000
1110000000000
0001000000000
1001000000000
0101000000000
1101000000000
0011000000000
1011000000000
0111000000000
1111000000000
0000100000000
1000100000000
0100100000000
1100100000000
0010100000000
1010100000000
0110100000000
1110100000000
0001100000000
1001100000000
0101100000000
1101100000000
0011100000000
1011100000000
0111100000000
1111100000000
0000010000000
1000010000000
0100010000000
1100010000000
0010010000000
1010010000000
0110010000000
1110010000000
0001010000000
1001010000000
0101010000000
1101010000000
0011010000000
1011010000000
0111010000000
1111010000000
0000110000000
1000110000000
0100110000000
1100110000000
0010110000000
1010110000000
0110110000000
1110110000000
0001110000000
1001110000000
0101110000000
1101110000000
0011110000000
1011110000000
0111110000000
1111110000000
0000001000000
1000001000000
0100001000000
1100001000000
0010001000000
1010001000000
0110001000000
1110001000000
0001001000000
1001001000000
0101001000000
1101001000000
0011001000000
1011001000000
0111001000000
1111001000000
0000101000000
1000101000000
0100101000000
1100101000000
0010101000000
1010101000000
0110101000000
1110101000000
0001101000000
1001101000000
0101101000000
1101101000000
0011101000000
1011101000000
0111101000000
1111101000000
0000011000000
1000011000000
0100011000000
1100011000000
0010011000000
1010011000000
0110011000000
1110011000000
0001011000000
1001011000000
0101011000000
1101011000000
0011011000000
1011011000000
0111011000000
1111011000000
0000111000000
1000111000000
0100111000000
1100111000000
0010111000000
1010111000000
0110111000000
1110111000000
0001111000000
1001111000000
0101111000000
1101111000000
0011111000000
1011111000000
0000000100000
1000000100000
0100000100000
1100000100000
0010000100000
1010000100000
0110000100000
1110000100000
0001000100000
1001000100000
0101000100000
1101000100000
0011000100000
1011000100000
0111000100000
1111000100000
0000100100000
1000100100000
0100100100000
1100100100000
0010100100000
1010100100000
0110100100000
1110100100000
0001100100000
1001100100000
0101100100000
1101100100000
0011100100000
1011100100000
0111100100000
1111100100000
0000010100000
1000010100000
0100010100000
1100010100000
0010010100000
1010010100000
0110010100000
1110010100000
0001010100000
1001010100000
0101010100000
1101010100000
0011010100000
1011010100000
0111010100000
1111010100000
0000110100000
1000110100000
0100110100000
1100110100000
0010110100000
1010110100000
0110110100000
1110110100000
0001110100000
1001110100000
0101110100000
1101110100000
0011110100000
1011110100000
0000001100000
1000001100000
0100001100000
1100001100000
0010001100000
1010001100000
0110001100000
1110001100000
0001001100000
1001001100000
0101001100000
1101001100000
0011001100000
1011001100000
0111001100000
1111001100000
0000101100000
1000101100000
0100101100000
1100101100000
0010101100000
1010101100000
0110101100000
1110101100000
0001101100000
1001101100000
0101101100000
1101101100000
0011101100000
1011101100000
0111101100000
1111101100000
0000011100000
1000011100000
0100011100000
1100011100000
0010011100000
1010011100000
0110011100000
1110011100000
0001011100000
1001011100000
0101011100000
1101011100000
0011011100000
1011011100000
0111011100000
1111011100000
0000111100000
1000111100000
0100111100000
1100111100000
0010111100000
1010111100000
0110111100000
1110111100000
0000000010000
1000000010000
0100000010000
1100000010000
0010000010000
1010000010000
0110000010000
1110000010000
0001000010000
1001000010000
0101000010000
1101000010000
0011000010000
1011000010000
0111000010000
1111000010000
0000100010000
1000100010000
0100100010000
1100100010000
0010100010000
1010100010000
0110100010000
1110100010000
0001100010000
1001100010000
0101100010000
1101100010000
0011100010000
1011100010000
0111100010000
1111100010000
0000010010000
1000010010000
0100010010000
1100010010000
0010010010000
1010010010000
0110010010000
1110010010000
0001010010000
1001010010000
0101010010000
1101010010000
0011010010000
1011010010000
0111010010000
1111010010000
0000110010000
1000110010000
0100110010000
1100110010000
0010110010000
1010110010000
0110110010000
1110110010000
0001110010000
1001110010000
0101110010000
1101110010000
0011110010000
1011110010000
0000001010000
1000001010000
0100001010000
1100001010000
0010001010000
1010001010000
0110001010000
1110001010000
0001001010000
1001001010000
0101001010000
1101001010000
0011001010000
1011001010000
0111001010000
1111001010000
0000101010000
1000101010000
0100101010000
1100101010000
0010101010000
1010101010000
0110101010000
1110101010000
0001101010000
1001101010000
0101101010000
1101101010000
0011101010000
1011101010000
0000011010000
1000011010000
0100011010000
1100011010000
0010011010000
1010011010000
0110011010000
1110011010000
0001011010000
1001011010000
0101011010000
1101011010000
0011011010000
1011011010000
0111011010000
1111011010000
0000111010000
1000111010000
0100111010000
1100111010000
0010111010000
1010111010000
0110111010000
1110111010000
0000000110000
1000000110000
0100000110000
1100000110000
0010000110000
1010000110000
0110000110000
1110000110000
0001000110000
1001000110000
0101000110000
1101000110000
0011000110000
1011000110000
0111000110000
1111000110000
0000100110000
1000100110000
0100100110000
1100100110000
0010100110000
1010100110000
0110100110000
1110100110000
0001100110000
1001100110000
0101100110000
1101100110000
0011100110000
1011100110000
0000010110000
1000010110000
0100010110000
1100010110000
0010010110000
1010010110000
0110010110000
1110010110000
0001010110000
1001010110000
0101010110000
1101010110000
0011010110000
1011010110000
0111010110000
1111010110000
0000110110000
1000110110000
0100110110000
1100110110000
0010110110000
1010110110000
0110110110000
1110110110000
0001110110000
1001110110000
0101110110000
1101110110000
0011110110000
1011110110000
0111110110000
1111110110000
0000001110000
1000001110000
0100001110000
1100001110000
0010001110000
1010001110000
0110001110000
1110001110000
0001001110000
1001001110000
0101001110000
1101001110000
0011001110000
1011001110000
0111001110000
1111001110000
0000101110000
1000101110000
0100101110000
1100101110000
0010101110000
1010101110000
0110101110000
1110101110000
0001101110000
1001101110000
0101101110000
1101101110000
0011101110000
1011101110000
0111101110000
1111101110000
0000000001000
1000000001000
0100000001000
1100000001000
0010000001000
1010000001000
0110000001000
1110000001000
0001000001000
1001000001000
0101000001000
1101000001000
0011000001000
1011000001000
0111000001000
1111000001000
0000100001000
1000100001000
0100100001000
1100100001000
0010100001000
1010100001000
0110100001000
1110100001000
0001100001000
1001100001000
0101100001000
1101100001000
0011100001000
1011100001000
0111100001000
1111100001000
0000010001000
1000010001000
0100010001000
1100010001000
0010010001000
1010010001000
0110010001000
1110010001000
0001010001000
1001010001000
0101010001000
1101010001000
0011010001000
1011010001000
0111010001000
1111010001000
0000110001000
1000110001000
0100110001000
1100110001000
0010110001000
1010110001000
0110110001000
1110110001000
0001110001000
1001110001000
0101110001000
1101110001000
0011110001000
1011110001000
0000001001000
1000001001000
0100001001000
1100001001000
0010001001000
1010001001000
0110001001000
1110001001000
0001001001000
1001001001000
0101001001000
1101001001000
0011001001000
1011001001000
0111001001000
1111001001000
0000101001000
1000101001000
0100101001000
1100101001000
0010101001000
1010101001000
0110101001000
1110101001000
0001101001000
1001101001000
0101101001000
1101101001000
0011101001000
1011101001000
0000011001000
1000011001000
0100011001000
1100011001000
0010011001000
1010011001000
0110011001000
1110011001000
0001011001000
1001011001000
0101011001000
1101011001000
0011011001000
1011011001000
0000111001000
1000111001000
0100111001000
1100111001000
0010111001000
1010111001000
0110111001000
1110111001000
0000000101000
1000000101000
0100000101000
1100000101000
0010000101000
1010000101000
0110000101000
1110000101000
0001000101000
1001000101000
0101000101000
1101000101000
0011000101000
1011000101000
0111000101000
1111000101000
0000100101000
1000100101000
0100100101000
1100100101000
0010100101000
1010100101000
0110100101000
1110100101000
0001100101000
1001100101000
0101100101000
1101100101000
0011100101000
1011100101000
0000010101000
1000010101000
0100010101000
1100010101000
0010010101000
1010010101000
0110010101000
1110010101000
0001010101000
1001010101000
0101010101000
1101010101000
0011010101000
1011010101000
0000110101000
1000110101000
0100110101000
1100110101000
0010110101000
1010110101000
0110110101000
1110110101000
0000001101000
1000001101000
0100001101000
1100001101000
0010001101000
1010001101000
0110001101000
1110001101000
0001001101000
1001001101000
0101001101000
1101001101000
0011001101000
1011001101000
0000101101000
1000101101000
0100101101000
1100101101000
0010101101000
1010101101000
0110101101000
1110101101000
1001101101000
0101101101000
1101101101000
0011101101000
1011101101000
0111101101000
1111101101000
0000000011000
1000000011000
0100000011000
1100000011000
0010000011000
1010000011000
0110000011000
1110000011000
0001000011000
1001000011000
0101000011000
1101000011000
0011000011000
1011000011000
0111000011000
1111000011000
0000100011000
1000100011000
0100100011000
1100100011000
0010100011000
1010100011000
0110100011000
1110100011000
0001100011000
1001100011000
0101100011000
1101100011000
0011100011000
1011100011000
0000010011000
1000010011000
0100010011000
1100010011000
0010010011000
1010010011000
0110010011000
1110010011000
0001010011000
1001010011000
0101010011000
1101010011000
0011010011000
1011010011000
0000110011000
1000110011000
0100110011000
1100110011000
0010110011000
1010110011000
0110110011000
1110110011000
0000001011000
1000001011000
0100001011000
1100001011000
0010001011000
1010001011000
0110001011000
1110001011000
0001001011000
1001001011000
0101001011000
1101001011000
0011001011000
1011001011000
0000101011000
1000101011000
0100101011000
1100101011000
0010101011000
1010101011000
0110101011000
1110101011000
1001101011000
0101101011000
1101101011000
0011101011000
1011101011000
0111101011000
1111101011000
0010011011000
1010011011000
0110011011000
1110011011000
1001011011000
0101011011000
1101011011000
0011011011000
1011011011000
0111011011000
1111011011000
1000111011000
0100111011000
1100111011000
0010111011000
1010111011000
0110111011000
1110111011000
0001111011000
1001111011000
0101111011000
1101111011000
0011111011000
1011111011000
0111111011000
1111111011000
0000000000100
1000000000100
0100000000100
1100000000100
0010000000100
1010000000100
0110000000100
1110000000100
0001000000100
1001000000100
0101000000100
1101000000100
0011000000100
1011000000100
0111000000100
1111000000100
0000100000100
1000100000100
0100100000100
1100100000100
0010100000100
1010100000100
0110100000100
1110100000100
0001100000100
1001100000100
0101100000100
1101100000100
0011100000100
1011100000100
0111100000100
1111100000100
0000010000100
1000010000100
0100010000100
1100010000100
0010010000100
1010010000100
0110010000100
1110010000100
0001010000100
1001010000100
0101010000100
1101010000100
0011010000100
1011010000100
0111010000100
1111010000100
0000110000100
1000110000100
0100110000100
1100110000100
0010110000100
1010110000100
0110110000100
1110110000100
0001110000100
1001110000100
0101110000100
1101110000100
0011110000100
1011110000100
0000001000100
1000001000100
0100001000100
1100001000100
0010001000100
1010001000100
0110001000100
1110001000100
0001001000100
1001001000100
0101001000100
1101001000100
0011001000100
1011001000100
0111001000100
1111001000100
0000101000100
1000101000100
0100101000100
1100101000100
0010101000100
1010101000100
0110101000100
1110101000100
0001101000100
1001101000100
0101101000100
1101101000100
0011101000100
1011101000100
0000011000100
1000011000100
0100011000100
1100011000100
0010011000100
1010011000100
0110011000100
1110011000100
0001011000100
1001011000100
0101011000100
1101011000100
0011011000100
1011011000100
0111011000100
1111011000100
0000111000100
1000111000100
0100111000100
1100111000100
0010111000100
1010111000100
0000000100100
1000000100100
0100000100100
1100000100100
0010000100100
1010000100100
0110000100100
1110000100100
0001000100100
1001000100100
0101000100100
1101000100100
0011000100100
1011000100100
0111000100100
1111000100100
0000100100100
1000100100100
0100100100100
1100100100100
0010100100100
1010100100100
0110100100100
1110100100100
0001100100100
1001100100100
0101100100100
1101100100100
0011100100100
1011100100100
0000010100100
1000010100100
0100010100100
1100010100100
0010010100100
1010010100100
0110010100100
1110010100100
0001010100100
1001010100100
0101010100100
1101010100100
0011010100100
1011010100100
0000110100100
1000110100100
0100110100100
1100110100100
0010110100100
1010110100100
0000001100100
1000001100100
0100001100100
1100001100100
0010001100100
1010001100100
0110001100100
1110001100100
0001001100100
1001001100100
0101001100100
1101001100100
0011001100100
1011001100100
0000101100100
1000101100100
0100101100100
1100101100100
0010101100100
1010101100100
0110101100100
1110101100100
0000000010100
1000000010100
0100000010100
1100000010100
0010000010100
1010000010100
0110000010100
1110000010100
0001000010100
1001000010100
0101000010100
1101000010100
0011000010100
1011000010100
0111000010100
1111000010100
0000100010100
1000100010100
0100100010100
1100100010100
0010100010100
1010100010100
0110100010100
1110100010100
0001100010100
1001100010100
0101100010100
1101100010100
0011100010100
1011100010100
0000010010100
1000010010100
0100010010100
1100010010100
0010010010100
1010010010100
0110010010100
1110010010100
0001010010100
1001010010100
0101010010100
1101010010100
0011010010100
1011010010100
0000110010100
1000110010100
0100110010100
1100110010100
0010110010100
1010110010100
0000001010100
1000001010100
0100001010100
1100001010100
0010001010100
1010001010100
0110001010100
1110001010100
0001001010100
1001001010100
0101001010100
1101001010100
0011001010100
1011001010100
0000101010100
1000101010100
0100101010100
1100101010100
0010101010100
1010101010100
0101010101011
1101010101011
0011010101011
1011010101011
0111010101011
1111010101011
0100110101011
1100110101011
0010110101011
1010110101011
0110110101011
1110110101011
0001110101011
1001110101011
0101110101011
1101110101011
0011110101011
1011110101011
0111110101011
1111110101011
0101001101011
1101001101011
0011001101011
1011001101011
0111001101011
1111001101011
0100101101011
1100101101011
0010101101011
1010101101011
0110101101011
1110101101011
0001101101011
1001101101011
0101101101011
1101101101011
0011101101011
1011101101011
0111101101011
1111101101011
0100011101011
1100011101011
0010011101011
1010011101011
0110011101011
1110011101011
0001011101011
1001011101011
0101011101011
1101011101011
0011011101011
1011011101011
0111011101011
1111011101011
0000111101011
1000111101011
0100111101011
1100111101011
0010111101011
1010111101011
0110111101011
1110111101011
0001111101011
1001111101011
0101111101011
1101111101011
0011111101011
1011111101011
0111111101011
1111111101011
0001010011011
1001010011011
0101010011011
1101010011011
0011010011011
1011010011011
0111010011011
1111010011011
0100110011011
1100110011011
0010110011011
1010110011011
0110110011011
1110110011011
0001110011011
1001110011011
0101110011011
1101110011011
0011110011011
1011110011011
0111110011011
1111110011011
0101001011011
1101001011011
0011001011011
1011001011011
0111001011011
1111001011011
0100101011011
1100101011011
0010101011011
1010101011011
0110101011011
1110101011011
0001101011011
1001101011011
0101101011011
1101101011011
0011101011011
1011101011011
0111101011011
1111101011011
0100011011011
1100011011011
0010011011011
1010011011011
0110011011011
1110011011011
0001011011011
1001011011011
0101011011011
1101011011011
0011011011011
1011011011011
0111011011011
1111011011011
0000111011011
1000111011011
0100111011011
1100111011011
0010111011011
1010111011011
0110111011011
1110111011011
0001111011011
1001111011011
0101111011011
1101111011011
0011111011011
1011111011011
0111111011011
1111111011011
0101000111011
1101000111011
0011000111011
1011000111011
0111000111011
1111000111011
0000100111011
1000100111011
0100100111011
1100100111011
0010100111011
1010100111011
0110100111011
1110100111011
0001100111011
1001100111011
0101100111011
1101100111011
0011100111011
1011100111011
0111100111011
1111100111011
0100010111011
1100010111011
0010010111011
1010010111011
0110010111011
1110010111011
0001010111011
1001010111011
0101010111011
1101010111011
0011010111011
1011010111011
0111010111011
1111010111011
0000110111011
1000110111011
0100110111011
1100110111011
0010110111011
1010110111011
0110110111011
1110110111011
0001110111011
1001110111011
0101110111011
1101110111011
0011110111011
1011110111011
0111110111011
1111110111011
0100001111011
1100001111011
0010001111011
1010001111011
0110001111011
1110001111011
0001001111011
1001001111011
0101001111011
1101001111011
0011001111011
1011001111011
0111001111011
1111001111011
0000101111011
1000101111011
0100101111011
1100101111011
0010101111011
1010101111011
0110101111011
1110101111011
0001101111011
1001101111011
0101101111011
1101101111011
0011101111011
1011101111011
0111101111011
1111101111011
0000011111011
1000011111011
0100011111011
1100011111011
0010011111011
1010011111011
0110011111011
1110011111011
0001011111011
1001011111011
0101011111011
1101011111011
0011011111011
1011011111011
0111011111011
1111011111011
0000111111011
1000111111011
0100111111011
1100111111011
0010111111011
1010111111011
0110111111011
1110111111011
0001111111011
1001111111011
0101111111011
1101111111011
0011111111011
1011111111011
0111111111011
1111111111011
0000000100111
1000000100111
0100000100111
1100000100111
0010000100111
1010000100111
0110000100111
1110000100111
0001000100111
1001000100111
0101000100111
1101000100111
0011000100111
1011000100111
0111000100111
0000100100111
1000100100111
0100100100111
1100100100111
0010100100111
1010100100111
0110100100111
0001100100111
1001100100111
0101100100111
1101100100111
0000010100111
1000010100111
0100010100111
1100010100111
0010010100111
1010010100111
0110010100111
0001010100111
1001010100111
0101010100111
1101010100111
0011010100111
1011010100111
0111010100111
1111010100111
0100110100111
1100110100111
0010110100111
1010110100111
0110110100111
1110110100111
0001110100111
1001110100111
0101110100111
1101110100111
0011110100111
1011110100111
0111110100111
1111110100111
0001001100111
1001001100111
0101001100111
1101001100111
0011001100111
1011001100111
0111001100111
1111001100111
0100101100111
1100101100111
0010101100111
1010101100111
0110101100111
1110101100111
0001101100111
1001101100111
0101101100111
1101101100111
0011101100111
1011101100111
0111101100111
1111101100111
0100011100111
1100011100111
0010011100111
1010011100111
0110011100111
1110011100111
0001011100111
1001011100111
0101011100111
1101011100111
0011011100111
1011011100111
0111011100111
1111011100111
0000111100111
1000111100111
0100111100111
1100111100111
0010111100111
1010111100111
0110111100111
1110111100111
0001111100111
1001111100111
0101111100111
1101111100111
0011111100111
1011111100111
0111111100111
1111111100111
0000010010111
1000010010111
0100010010111
1100010010111
0010010010111
1010010010111
0110010010111
0001010010111
1001010010111
0101010010111
1101010010111
0011010010111
1011010010111
0111010010111
1111010010111
0100110010111
1100110010111
0010110010111
1010110010111
0110110010111
1110110010111
0001110010111
1001110010111
0101110010111
1101110010111
0011110010111
1011110010111
0111110010111
1111110010111
0001001010111
1001001010111
0101001010111
1101001010111
0011001010111
1011001010111
0111001010111
1111001010111
0100101010111
1100101010111
0010101010111
1010101010111
0110101010111
1110101010111
0001101010111
1001101010111
0101101010111
1101101010111
0011101010111
1011101010111
0111101010111
1111101010111
0100011010111
1100011010111
0010011010111
1010011010111
0110011010111
1110011010111
0001011010111
1001011010111
0101011010111
1101011010111
0011011010111
1011011010111
0111011010111
1111011010111
0000111010111
1000111010111
0100111010111
1100111010111
0010111010111
1010111010111
0110111010111
1110111010111
0001111010111
1001111010111
0101111010111
1101111010111
0011111010111
1011111010111
0111111010111
1111111010111
0001000110111
1001000110111
0101000110111
1101000110111
0011000110111
1011000110111
0111000110111
1111000110111
0100100110111
1100100110111
0010100110111
1010100110111
0110100110111
1110100110111
0001100110111
1001100110111
0101100110111
1101100110111
0011100110111
1011100110111
0111100110111
1111100110111
0100010110111
1100010110111
0010010110111
1010010110111
0110010110111
1110010110111
0001010110111
1001010110111
0101010110111
1101010110111
0011010110111
1011010110111
0111010110111
1111010110111
0000110110111
1000110110111
0100110110111
1100110110111
0010110110111
1010110110111
0110110110111
1110110110111
0001110110111
1001110110111
0101110110111
1101110110111
0011110110111
1011110110111
0111110110111
1111110110111
0100001110111
1100001110111
0010001110111
1010001110111
0110001110111
1110001110111
0001001110111
1001001110111
0101001110111
1101001110111
0011001110111
1011001110111
0111001110111
1111001110111
0000101110111
1000101110111
0100101110111
1100101110111
0010101110111
1010101110111
0110101110111
1110101110111
0001101110111
1001101110111
0101101110111
1101101110111
0011101110111
1011101110111
0111101110111
1111101110111
0000011110111
1000011110111
0100011110111
1100011110111
0010011110111
1010011110111
0110011110111
1110011110111
0001011110111
1001011110111
0101011110111
1101011110111
0011011110111
1011011110111
0111011110111
1111011110111
0000111110111
1000111110111
0100111110111
1100111110111
0010111110111
1010111110111
0110111110111
1110111110111
0001111110111
1001111110111
0101111110111
1101111110111
0011111110111
1011111110111
0111111110111
1111111110111
0000010001111
1000010001111
0100010001111
1100010001111
0010010001111
1010010001111
0110010001111
1110010001111
0001010001111
1001010001111
0101010001111
1101010001111
0011010001111
1011010001111
0111010001111
1111010001111
0000110001111
1000110001111
0100110001111
1100110001111
0010110001111
1010110001111
0110110001111
1110110001111
0001110001111
1001110001111
0101110001111
1101110001111
0011110001111
1011110001111
0111110001111
1111110001111
0000001001111
1000001001111
0100001001111
1100001001111
0010001001111
1010001001111
0110001001111
1110001001111
0001001001111
1001001001111
0101001001111
1101001001111
0011001001111
1011001001111
0111001001111
1111001001111
0000101001111
1000101001111
0100101001111
1100101001111
0010101001111
1010101001111
0110101001111
1110101001111
0001101001111
1001101001111
0101101001111
1101101001111
0011101001111
1011101001111
0111101001111
1111101001111
0100011001111
1100011001111
0010011001111
1010011001111
0110011001111
1110011001111
0001011001111
1001011001111
0101011001111
1101011001111
0011011001111
1011011001111
0111011001111
1111011001111
0000111001111
1000111001111
0100111001111
1100111001111
0010111001111
1010111001111
0110111001111
1110111001111
0001111001111
1001111001111
0101111001111
1101111001111
0011111001111
1011111001111
0111111001111
1111111001111
0001000101111
1001000101111
0101000101111
1101000101111
0011000101111
1011000101111
0111000101111
1111000101111
0000100101111
1000100101111
0100100101111
1100100101111
0010100101111
1010100101111
0110100101111
1110100101111
0001100101111
1001100101111
0101100101111
1101100101111
0011100101111
1011100101111
0111100101111
1111100101111
0100010101111
1100010101111
0010010101111
1010010101111
0110010101111
1110010101111
0001010101111
1001010101111
0101010101111
1101010101111
0011010101111
1011010101111
0111010101111
1111010101111
0000110101111
1000110101111
0100110101111
1100110101111
0010110101111
1010110101111
0110110101111
1110110101111
0001110101111
1001110101111
0101110101111
1101110101111
0011110101111
1011110101111
0111110101111
1111110101111
0100001101111
1100001101111
0010001101111
1010001101111
0110001101111
1110001101111
0001001101111
1001001101111
0101001101111
1101001101111
0011001101111
1011001101111
0111001101111
1111001101111
0000101101111
1000101101111
0100101101111
1100101101111
0010101101111
1010101101111
0110101101111
1110101101111
0001101101111
1001101101111
0101101101111
1101101101111
0011101101111
1011101101111
0111101101111
1111101101111
0000011101111
1000011101111
0100011101111
1100011101111
0010011101111
1010011101111
0110011101111
1110011101111
0001011101111
1001011101111
0101011101111
1101011101111
0011011101111
1011011101111
0111011101111
1111011101111
0000111101111
1000111101111
0100111101111
1100111101111
0010111101111
1010111101111
0110111101111
1110111101111
0001111101111
1001111101111
0101111101111
1101111101111
0011111101111
1011111101111
0111111101111
1111111101111
0001000011111
1001000011111
0101000011111
1101000011111
0011000011111
1011000011111
0111000011111
1111000011111
0000100011111
1000100011111
0100100011111
1100100011111
0010100011111
1010100011111
0110100011111
1110100011111
0001100011111
1001100011111
0101100011111
1101100011111
0011100011111
1011100011111
0111100011111
1111100011111
0000010011111
1000010011111
0100010011111
1100010011111
0010010011111
1010010011111
0110010011111
1110010011111
0001010011111
1001010011111
0101010011111
1101010011111
0011010011111
1011010011111
0111010011111
1111010011111
0000110011111
1000110011111
0100110011111
1100110011111
0010110011111
1010110011111
0110110011111
1110110011111
0001110011111
1001110011111
0101110011111
1101110011111
0011110011111
1011110011111
0111110011111
1111110011111
0100001011111
1100001011111
0010001011111
1010001011111
0110001011111
1110001011111
0001001011111
1001001011111
0101001011111
1101001011111
0011001011111
1011001011111
0111001011111
1111001011111
0000101011111
1000101011111
0100101011111
1100101011111
0010101011111
1010101011111
0110101011111
1110101011111
0001101011111
1001101011111
0101101011111
1101101011111
0011101011111
1011101011111
0111101011111
1111101011111
0000011011111
1000011011111
0100011011111
1100011011111
0010011011111
1010011011111
0110011011111
1110011011111
0001011011111
1001011011111
0101011011111
1101011011111
0011011011111
1011011011111
0111011011111
1111011011111
0000111011111
1000111011111
0100111011111
1100111011111
0010111011111
1010111011111
0110111011111
1110111011111
0001111011111
1001111011111
0101111011111
1101111011111
0011111011111
1011111011111
0111111011111
1111111011111
0100000111111
1100000111111
0010000111111
1010000111111
0110000111111
1110000111111
0001000111111
1001000111111
0101000111111
1101000111111
0011000111111
1011000111111
0111000111111
1111000111111
0000100111111
1000100111111
0100100111111
1100100111111
0010100111111
1010100111111
0110100111111
1110100111111
0001100111111
1001100111111
0101100111111
1101100111111
0011100111111
1011100111111
0111100111111
1111100111111
0000010111111
1000010111111
0100010111111
1100010111111
0010010111111
1010010111111
0110010111111
1110010111111
0001010111111
1001010111111
0101010111111
1101010111111
0011010111111
1011010111111
0111010111111
1111010111111
0000110111111
1000110111111
0100110111111
1100110111111
0010110111111
1010110111111
0110110111111
1110110111111
0001110111111
1001110111111
0101110111111
1101110111111
0011110111111
1011110111111
0111110111111
1111110111111
0000001111111
1000001111111
0100001111111
1100001111111
0010001111111
1010001111111
0110001111111
1110001111111
0001001111111
1001001111111
0101001111111
1101001111111
0011001111111
1011001111111
0111001111111
1111001111111
0000101111111
1000101111111
0100101111111
1100101111111
0010101111111
1010101111111
0110101111111
1110101111111
0001101111111
1001101111111
0101101111111
1101101111111
0011101111111
1011101111111
0111101111111
1111101111111
0000011111111
1000011111111
0100011111111
1100011111111
0010011111111
1010011111111
0110011111111
1110011111111
0001011111111
1001011111111
0101011111111
1101011111111
0011011111111
1011011111111
0111011111111
1111011111111
0000111111111
1000111111111
0100111111111
1100111111111
0010111111111
1010111111111
0110111111111
1110111111111
0001111111111
1001111111111
0101111111111
1101111111111
0011111111111
1011111111111
0111111111111
1111111111111
