00000000000000
10000000000000
01000000000000
11000000000000
00100000000000
10100000000000
01100000000000
11100000000000
00010000000000
10010000000000
01010000000000
11010000000000
00110000000000
10110000000000
01110000000000
11110000000000
00001000000000
10001000000000
01001000000000
11001000000000
00101000000000
10101000000000
01101000000000
11101000000000
00011000000000
10011000000000
01011000000000
11011000000000
00111000000000
10111000000000
01111000000000
11111000000000
00000100000000
10000100000000
01000100000000
11000100000000
00100100000000
10100100000000
01100100000000
11100100000000
00010100000000
10010100000000
01010100000000
11010100000000
00110100000000
10110100000000
01110100000000
11110100000000
00001100000000
10001100000000
01001100000000
11001100000000
00101100000000
10101100000000
01101100000000
11101100000000
00011100000000
10011100000000
01011100000000
11011100000000
00111100000000
10111100000000
01111100000000
11111100000000
00000010000000
10000010000000
01000010000000
11000010000000
00100010000000
10100010000000
01100010000000
11100010000000
00010010000000
10010010000000
01010010000000
11010010000000
00110010000000
10110010000000
01110010000000
11110010000000
00001010000000
10001010000000
01001010000000
11001010000000
00101010000000
10101010000000
01101010000000
11101010000000
00011010000000
10011010000000
01011010000000
11011010000000
00111010000000
10111010000000
01111010000000
11111010000000
00000110000000
10000110000000
01000110000000
11000110000000
00100110000000
10100110000000
01100110000000
11100110000000
00010110000000
10010110000000
01010110000000
11010110000000
00110110000000
10110110000000
01110110000000
11110110000000
00001110000000
10001110000000
01001110000000
11001110000000
00101110000000
10101110000000
01101110000000
11101110000000
00011110000000
10011110000000
01011110000000
11011110000000
00111110000000
10111110000000
01111110000000
00000001000000
10000001000000
01000001000000
11000001000000
00100001000000
10100001000000
01100001000000
11100001000000
00010001000000
10010001000000
01010001000000
11010001000000
00110001000000
10110001000000
01110001000000
11110001000000
00001001000000
10001001000000
01001001000000
11001001000000
00101001000000
10101001000000
01101001000000
11101001000000
00011001000000
10011001000000
01011001000000
11011001000000
00111001000000
10111001000000
01111001000000
11111001000000
00000101000000
10000101000000
01000101000000
11000101000000
00100101000000
10100101000000
01100101000000
11100101000000
00010101000000
10010101000000
01010101000000
11010101000000
00110101000000
10110101000000
01110101000000
11110101000000
00001101000000
10001101000000
01001101000000
11001101000000
00101101000000
10101101000000
01101101000000
11101101000000
00011101000000
10011101000000
01011101000000
11011101000000
00111101000000
10111101000000
01111101000000
00000011000000
10000011000000
01000011000000
11000011000000
00100011000000
10100011000000
01100011000000
11100011000000
00010011000000
10010011000000
01010011000000
11010011000000
00110011000000
10110011000000
01110011000000
11110011000000
00001011000000
10001011000000
01001011000000
11001011000000
00101011000000
10101011000000
01101011000000
11101011000000
00011011000000
10011011000000
01011011000000
11011011000000
00111011000000
10111011000000
01111011000000
11111011000000
00000111000000
10000111000000
01000111000000
11000111000000
00100111000000
10100111000000
01100111000000
11100111000000
00010111000000
10010111000000
01010111000000
11010111000000
00110111000000
10110111000000
01110111000000
11110111000000
00001111000000
10001111000000
01001111000000
11001111000000
00101111000000
10101111000000
01101111000000
11101111000000
00011111000000
10011111000000
01011111000000
11011111000000
00000000100000
10000000100000
01000000100000
11000000100000
00100000100000
10100000100000
01100000100000
11100000100000
00010000100000
10010000100000
01010000100000
11010000100000
00110000100000
10110000100000
01110000100000
11110000100000
00001000100000
10001000100000
01001000100000
11001000100000
00101000100000
10101000100000
01101000100000
11101000100000
00011000100000
10011000100000
01011000100000
11011000100000
00111000100000
10111000100000
01111000100000
11111000100000
00000100100000
10000100100000
01000100100000
11000100100000
00100100100000
10100100100000
01100100100000
11100100100000
00010100100000
10010100100000
01010100100000
11010100100000
00110100100000
10110100100000
01110100100000
11110100100000
00001100100000
10001100100000
01001100100000
11001100100000
00101100100000
10101100100000
01101100100000
11101100100000
00011100100000
10011100100000
01011100100000
11011100100000
00111100100000
10111100100000
01111100100000
00000010100000
10000010100000
01000010100000
11000010100000
00100010100000
10100010100000
01100010100000
11100010100000
00010010100000
10010010100000
01010010100000
11010010100000
00110010100000
10110010100000
01110010100000
11110010100000
00001010100000
10001010100000
01001010100000
11001010100000
00101010100000
10101010100000
01101010100000
11101010100000
00011010100000
10011010100000
01011010100000
11011010100000
00111010100000
10111010100000
01111010100000
00000110100000
10000110100000
01000110100000
11000110100000
00100110100000
10100110100000
01100110100000
11100110100000
00010110100000
10010110100000
01010110100000
11010110100000
00110110100000
10110110100000
01110110100000
11110110100000
00001110100000
10001110100000
01001110100000
11001110100000
00101110100000
10101110100000
01101110100000
11101110100000
00011110100000
10011110100000
01011110100000
11011110100000
00000001100000
10000001100000
01000001100000
11000001100000
00100001100000
10100001100000
01100001100000
11100001100000
00010001100000
10010001100000
01010001100000
11010001100000
00110001100000
10110001100000
01110001100000
11110001100000
00001001100000
10001001100000
01001001100000
11001001100000
00101001100000
10101001100000
01101001100000
11101001100000
00011001100000
10011001100000
01011001100000
11011001100000
00111001100000
10111001100000
01111001100000
00000101100000
10000101100000
01000101100000
11000101100000
00100101100000
10100101100000
01100101100000
11100101100000
00010101100000
10010101100000
01010101100000
11010101100000
00110101100000
10110101100000
01110101100000
11110101100000
00001101100000
10001101100000
01001101100000
11001101100000
00101101100000
10101101100000
01101101100000
11101101100000
00011101100000
10011101100000
01011101100000
11011101100000
00111101100000
10111101100000
01111101100000
11111101100000
00000011100000
10000011100000
01000011100000
11000011100000
00100011100000
10100011100000
01100011100000
11100011100000
00010011100000
10010011100000
01010011100000
11010011100000
00110011100000
10110011100000
01110011100000
11110011100000
00001011100000
10001011100000
01001011100000
11001011100000
00101011100000
10101011100000
01101011100000
11101011100000
00011011100000
10011011100000
01011011100000
11011011100000
00111011100000
10111011100000
01111011100000
11111011100000
00000111100000
10000111100000
01000111100000
11000111100000
00100111100000
10100111100000
01100111100000
11100111100000
00010111100000
10010111100000
01010111100000
11010111100000
00110111100000
10110111100000
01110111100000
11110111100000
00000000010000
10000000010000
01000000010000
11000000010000
00100000010000
10100000010000
01100000010000
11100000010000
00010000010000
10010000010000
01010000010000
11010000010000
00110000010000
10110000010000
01110000010000
11110000010000
00001000010000
10001000010000
01001000010000
11001000010000
00101000010000
10101000010000
01101000010000
11101000010000
00011000010000
10011000010000
01011000010000
11011000010000
00111000010000
10111000010000
01111000010000
11111000010000
00000100010000
10000100010000
01000100010000
11000100010000
00100100010000
10100100010000
01100100010000
11100100010000
00010100010000
10010100010000
01010100010000
11010100010000
00110100010000
10110100010000
01110100010000
11110100010000
00001100010000
10001100010000
01001100010000
11001100010000
00101100010000
10101100010000
01101100010000
11101100010000
00011100010000
10011100010000
01011100010000
11011100010000
00111100010000
10111100010000
01111100010000
00000010010000
10000010010000
01000010010000
11000010010000
00100010010000
10100010010000
01100010010000
11100010010000
00010010010000
10010010010000
01010010010000
11010010010000
00110010010000
10110010010000
01110010010000
11110010010000
00001010010000
10001010010000
01001010010000
11001010010000
00101010010000
10101010010000
01101010010000
11101010010000
00011010010000
10011010010000
01011010010000
11011010010000
00111010010000
10111010010000
01111010010000
00000110010000
10000110010000
01000110010000
11000110010000
00100110010000
10100110010000
01100110010000
11100110010000
00010110010000
10010110010000
01010110010000
11010110010000
00110110010000
10110110010000
01110110010000
00001110010000
10001110010000
01001110010000
11001110010000
00101110010000
10101110010000
01101110010000
11101110010000
00011110010000
10011110010000
01011110010000
11011110010000
00000001010000
10000001010000
01000001010000
11000001010000
00100001010000
10100001010000
01100001010000
11100001010000
00010001010000
10010001010000
01010001010000
11010001010000
00110001010000
10110001010000
01110001010000
11110001010000
00001001010000
10001001010000
01001001010000
11001001010000
00101001010000
10101001010000
01101001010000
11101001010000
00011001010000
10011001010000
01011001010000
11011001010000
00111001010000
10111001010000
01111001010000
00000101010000
10000101010000
01000101010000
11000101010000
00100101010000
10100101010000
01100101010000
11100101010000
00010101010000
10010101010000
01010101010000
11010101010000
00110101010000
10110101010000
01110101010000
00001101010000
10001101010000
01001101010000
11001101010000
00101101010000
10101101010000
01101101010000
11101101010000
00011101010000
10011101010000
01011101010000
11011101010000
00000011010000
10000011010000
01000011010000
11000011010000
00100011010000
10100011010000
01100011010000
11100011010000
00010011010000
10010011010000
01010011010000
11010011010000
00110011010000
10110011010000
01110011010000
00001011010000
10001011010000
01001011010000
11001011010000
00101011010000
10101011010000
01101011010000
11101011010000
00011011010000
10011011010000
01011011010000
11011011010000
00111011010000
10111011010000
01111011010000
11111011010000
00000111010000
10000111010000
01000111010000
11000111010000
00100111010000
10100111010000
01100111010000
11100111010000
00010111010000
10010111010000
01010111010000
11010111010000
00110111010000
10110111010000
01110111010000
11110111010000
00000000110000
10000000110000
01000000110000
11000000110000
00100000110000
10100000110000
01100000110000
11100000110000
00010000110000
10010000110000
01010000110000
11010000110000
00110000110000
10110000110000
01110000110000
11110000110000
00001000110000
10001000110000
01001000110000
11001000110000
00101000110000
10101000110000
01101000110000
11101000110000
00011000110000
10011000110000
01011000110000
11011000110000
00111000110000
10111000110000
01111000110000
00000100110000
10000100110000
01000100110000
11000100110000
00100100110000
10100100110000
01100100110000
11100100110000
00010100110000
10010100110000
01010100110000
11010100110000
00110100110000
10110100110000
01110100110000
00001100110000
10001100110000
01001100110000
11001100110000
00101100110000
10101100110000
01101100110000
11101100110000
00011100110000
10011100110000
01011100110000
11011100110000
00000010110000
10000010110000
01000010110000
11000010110000
00100010110000
10100010110000
01100010110000
11100010110000
00010010110000
10010010110000
01010010110000
11010010110000
00110010110000
10110010110000
01110010110000
00001010110000
10001010110000
01001010110000
11001010110000
00101010110000
10101010110000
01101010110000
11101010110000
00011010110000
10011010110000
01011010110000
11011010110000
00111010110000
10111010110000
01111010110000
11111010110000
00000110110000
10000110110000
01000110110000
11000110110000
00100110110000
10100110110000
01100110110000
11100110110000
00010110110000
10010110110000
01010110110000
11010110110000
00110110110000
10110110110000
01110110110000
11110110110000
10001110110000
01001110110000
11001110110000
00101110110000
10101110110000
01101110110000
11101110110000
00011110110000
10011110110000
01011110110000
11011110110000
00111110110000
10111110110000
01111110110000
11111110110000
00000001110000
10000001110000
01000001110000
11000001110000
00100001110000
10100001110000
01100001110000
11100001110000
00010001110000
10010001110000
01010001110000
11010001110000
00110001110000
10110001110000
01110001110000
00001001110000
10001001110000
01001001110000
11001001110000
00101001110000
10101001110000
01101001110000
11101001110000
00011001110000
10011001110000
01011001110000
11011001110000
00111001110000
10111001110000
01111001110000
11111001110000
00000101110000
10000101110000
01000101110000
11000101110000
00100101110000
10100101110000
01100101110000
11100101110000
00010101110000
10010101110000
01010101110000
11010101110000
00110101110000
10110101110000
01110101110000
11110101110000
10001101110000
01001101110000
11001101110000
00101101110000
10101101110000
01101101110000
11101101110000
00011101110000
10011101110000
01011101110000
11011101110000
00111101110000
10111101110000
01111101110000
11111101110000
00000000001000
10000000001000
01000000001000
11000000001000
00100000001000
10100000001000
01100000001000
11100000001000
00010000001000
10010000001000
01010000001000
11010000001000
00110000001000
10110000001000
01110000001000
11110000001000
00001000001000
10001000001000
01001000001000
11001000001000
00101000001000
10101000001000
01101000001000
11101000001000
00011000001000
10011000001000
01011000001000
11011000001000
00111000001000
10111000001000
01111000001000
11111000001000
00000100001000
10000100001000
01000100001000
11000100001000
00100100001000
10100100001000
01100100001000
11100100001000
00010100001000
10010100001000
01010100001000
11010100001000
00110100001000
10110100001000
01110100001000
11110100001000
00001100001000
10001100001000
01001100001000
11001100001000
00101100001000
10101100001000
01101100001000
11101100001000
00011100001000
10011100001000
01011100001000
11011100001000
00111100001000
10111100001000
01111100001000
00000010001000
10000010001000
01000010001000
11000010001000
00100010001000
10100010001000
01100010001000
11100010001000
00010010001000
10010010001000
01010010001000
11010010001000
00110010001000
10110010001000
01110010001000
11110010001000
00001010001000
10001010001000
01001010001000
11001010001000
00101010001000
10101010001000
01101010001000
11101010001000
00011010001000
10011010001000
01011010001000
11011010001000
00111010001000
10111010001000
01111010001000
00000110001000
10000110001000
01000110001000
11000110001000
00100110001000
10100110001000
01100110001000
11100110001000
00010110001000
10010110001000
01010110001000
11010110001000
00110110001000
10110110001000
01110110001000
11110110001000
00001110001000
10001110001000
01001110001000
11001110001000
00101110001000
10101110001000
01101110001000
00011110001000
10011110001000
01011110001000
11011110001000
00000001001000
10000001001000
01000001001000
11000001001000
00100001001000
10100001001000
01100001001000
11100001001000
00010001001000
10010001001000
01010001001000
11010001001000
00110001001000
10110001001000
01110001001000
11110001001000
00001001001000
10001001001000
01001001001000
11001001001000
00101001001000
10101001001000
01101001001000
11101001001000
00011001001000
10011001001000
01011001001000
11011001001000
00111001001000
10111001001000
01111001001000
00000101001000
10000101001000
01000101001000
11000101001000
00100101001000
10100101001000
01100101001000
11100101001000
00010101001000
10010101001000
01010101001000
11010101001000
00110101001000
10110101001000
01110101001000
00001101001000
10001101001000
01001101001000
11001101001000
00101101001000
10101101001000
01101101001000
00011101001000
10011101001000
01011101001000
11011101001000
00000011001000
10000011001000
01000011001000
11000011001000
00100011001000
10100011001000
01100011001000
11100011001000
00010011001000
10010011001000
01010011001000
11010011001000
00110011001000
10110011001000
01110011001000
00001011001000
10001011001000
01001011001000
11001011001000
00101011001000
10101011001000
01101011001000
11101011001000
00011011001000
10011011001000
01011011001000
11011011001000
00000111001000
10000111001000
01000111001000
11000111001000
00100111001000
10100111001000
01100111001000
11100111001000
00010111001000
10010111001000
01010111001000
11010111001000
00110111001000
10110111001000
01110111001000
11110111001000
00000000101000
10000000101000
01000000101000
11000000101000
00100000101000
10100000101000
01100000101000
11100000101000
00010000101000
10010000101000
01010000101000
11010000101000
00110000101000
10110000101000
01110000101000
11110000101000
00001000101000
10001000101000
01001000101000
11001000101000
00101000101000
10101000101000
01101000101000
11101000101000
00011000101000
10011000101000
01011000101000
11011000101000
00111000101000
10111000101000
01111000101000
00000100101000
10000100101000
01000100101000
11000100101000
00100100101000
10100100101000
01100100101000
11100100101000
00010100101000
10010100101000
01010100101000
11010100101000
00110100101000
10110100101000
01110100101000
00001100101000
10001100101000
01001100101000
11001100101000
00101100101000
10101100101000
01101100101000
00011100101000
10011100101000
01011100101000
11011100101000
00000010101000
10000010101000
01000010101000
11000010101000
00100010101000
10100010101000
01100010101000
11100010101000
00010010101000
10010010101000
01010010101000
11010010101000
00110010101000
10110010101000
01110010101000
00001010101000
10001010101000
01001010101000
11001010101000
00101010101000
10101010101000
01101010101000
00011010101000
10011010101000
01011010101000
11011010101000
00000110101000
10000110101000
01000110101000
11000110101000
00100110101000
10100110101000
01100110101000
00010110101000
10010110101000
01010110101000
11010110101000
00110110101000
10110110101000
01110110101000
11110110101000
00000001101000
10000001101000
01000001101000
11000001101000
00100001101000
10100001101000
01100001101000
11100001101000
00010001101000
10010001101000
01010001101000
11010001101000
00110001101000
10110001101000
01110001101000
00001001101000
10001001101000
01001001101000
11001001101000
00101001101000
10101001101000
01101001101000
00011001101000
10011001101000
01011001101000
11011001101000
00000101101000
10000101101000
01000101101000
11000101101000
00100101101000
10100101101000
01100101101000
00010101101000
10010101101000
01010101101000
11010101101000
00110101101000
10110101101000
01110101101000
11110101101000
01001101101000
11001101101000
00101101101000
10101101101000
01101101101000
11101101101000
00011101101000
10011101101000
01011101101000
11011101101000
00111101101000
10111101101000
01111101101000
11111101101000
00000000011000
10000000011000
01000000011000
11000000011000
00100000011000
10100000011000
01100000011000
11100000011000
00010000011000
10010000011000
01010000011000
11010000011000
00110000011000
10110000011000
01110000011000
11110000011000
00001000011000
10001000011000
01001000011000
11001000011000
00101000011000
10101000011000
01101000011000
11101000011000
00011000011000
10011000011000
01011000011000
11011000011000
00111000011000
10111000011000
01111000011000
00000100011000
10000100011000
01000100011000
11000100011000
00100100011000
10100100011000
01100100011000
11100100011000
00010100011000
10010100011000
01010100011000
11010100011000
00110100011000
10110100011000
01110100011000
00001100011000
10001100011000
01001100011000
11001100011000
00101100011000
10101100011000
01101100011000
11101100011000
00011100011000
10011100011000
01011100011000
11011100011000
00000010011000
10000010011000
01000010011000
11000010011000
00100010011000
10100010011000
01100010011000
11100010011000
00010010011000
10010010011000
01010010011000
11010010011000
00110010011000
10110010011000
01110010011000
00001010011000
10001010011000
01001010011000
11001010011000
00101010011000
10101010011000
01101010011000
00011010011000
10011010011000
01011010011000
11011010011000
00000110011000
10000110011000
01000110011000
11000110011000
00100110011000
10100110011000
01100110011000
00010110011000
10010110011000
01010110011000
11010110011000
00110110011000
10110110011000
01110110011000
11110110011000
00000001011000
10000001011000
01000001011000
11000001011000
00100001011000
10100001011000
01100001011000
11100001011000
00010001011000
10010001011000
01010001011000
11010001011000
00110001011000
10110001011000
01110001011000
00001001011000
10001001011000
01001001011000
11001001011000
00101001011000
10101001011000
01101001011000
00011001011000
10011001011000
01011001011000
11011001011000
00000101011000
10000101011000
01000101011000
11000101011000
00100101011000
10100101011000
01100101011000
00010101011000
10010101011000
01010101011000
11010101011000
00110101011000
10110101011000
01110101011000
11110101011000
01001101011000
11001101011000
00101101011000
10101101011000
01101101011000
11101101011000
00011101011000
10011101011000
01011101011000
11011101011000
00111101011000
10111101011000
01111101011000
11111101011000
00010011011000
10010011011000
01010011011000
11010011011000
00110011011000
10110011011000
01110011011000
11110011011000
01001011011000
11001011011000
00101011011000
10101011011000
01101011011000
11101011011000
00011011011000
10011011011000
01011011011000
11011011011000
00111011011000
10111011011000
01111011011000
11111011011000
01000111011000
11000111011000
00100111011000
10100111011000
01100111011000
11100111011000
00010111011000
10010111011000
01010111011000
11010111011000
00110111011000
10110111011000
01110111011000
11110111011000
00001111011000
10001111011000
01001111011000
11001111011000
00101111011000
10101111011000
01101111011000
11101111011000
00011111011000
10011111011000
01011111011000
11011111011000
00111111011000
10111111011000
01111111011000
11111111011000
00000000000100
10000000000100
01000000000100
11000000000100
00100000000100
10100000000100
01100000000100
11100000000100
00010000000100
10010000000100
01010000000100
11010000000100
00110000000100
10110000000100
01110000000100
11110000000100
00001000000100
10001000000100
01001000000100
11001000000100
00101000000100
10101000000100
01101000000100
11101000000100
00011000000100
10011000000100
01011000000100
11011000000100
00111000000100
10111000000100
01111000000100
11111000000100
00000100000100
10000100000100
01000100000100
11000100000100
00100100000100
10100100000100
01100100000100
11100100000100
00010100000100
10010100000100
01010100000100
11010100000100
00110100000100
10110100000100
01110100000100
11110100000100
00001100000100
10001100000100
01001100000100
11001100000100
00101100000100
10101100000100
01101100000100
11101100000100
00011100000100
10011100000100
01011100000100
11011100000100
00111100000100
10111100000100
01111100000100
00000010000100
10000010000100
01000010000100
11000010000100
00100010000100
10100010000100
01100010000100
11100010000100
00010010000100
10010010000100
01010010000100
11010010000100
00110010000100
10110010000100
01110010000100
11110010000100
00001010000100
10001010000100
01001010000100
11001010000100
00101010000100
10101010000100
01101010000100
11101010000100
00011010000100
10011010000100
01011010000100
11011010000100
00111010000100
10111010000100
01111010000100
00000110000100
10000110000100
01000110000100
11000110000100
00100110000100
10100110000100
01100110000100
11100110000100
00010110000100
10010110000100
01010110000100
11010110000100
00110110000100
10110110000100
01110110000100
11110110000100
00001110000100
10001110000100
01001110000100
11001110000100
00101110000100
10101110000100
01101110000100
11101110000100
00011110000100
10011110000100
01011110000100
00000001000100
10000001000100
01000001000100
11000001000100
00100001000100
10100001000100
01100001000100
11100001000100
00010001000100
10010001000100
01010001000100
11010001000100
00110001000100
10110001000100
01110001000100
11110001000100
00001001000100
10001001000100
01001001000100
11001001000100
00101001000100
10101001000100
01101001000100
11101001000100
00011001000100
10011001000100
01011001000100
11011001000100
00111001000100
10111001000100
01111001000100
00000101000100
10000101000100
01000101000100
11000101000100
00100101000100
10100101000100
01100101000100
11100101000100
00010101000100
10010101000100
01010101000100
11010101000100
00110101000100
10110101000100
01110101000100
00001101000100
10001101000100
01001101000100
11001101000100
00101101000100
10101101000100
01101101000100
11101101000100
00011101000100
10011101000100
01011101000100
00000011000100
10000011000100
01000011000100
11000011000100
00100011000100
10100011000100
01100011000100
11100011000100
00010011000100
10010011000100
01010011000100
11010011000100
00110011000100
10110011000100
01110011000100
00001011000100
10001011000100
01001011000100
11001011000100
00101011000100
10101011000100
01101011000100
11101011000100
00011011000100
10011011000100
01011011000100
11011011000100
00111011000100
10111011000100
01111011000100
11111011000100
00000111000100
10000111000100
01000111000100
11000111000100
00100111000100
10100111000100
01100111000100
11100111000100
00010111000100
10010111000100
01010111000100
11010111000100
00000000100100
10000000100100
01000000100100
11000000100100
00100000100100
10100000100100
01100000100100
11100000100100
00010000100100
10010000100100
01010000100100
11010000100100
00110000100100
10110000100100
01110000100100
11110000100100
00001000100100
10001000100100
01001000100100
11001000100100
00101000100100
10101000100100
01101000100100
11101000100100
00011000100100
10011000100100
01011000100100
11011000100100
00111000100100
10111000100100
01111000100100
00000100100100
10000100100100
01000100100100
11000100100100
00100100100100
10100100100100
01100100100100
11100100100100
00010100100100
10010100100100
01010100100100
11010100100100
00110100100100
10110100100100
01110100100100
00001100100100
10001100100100
01001100100100
11001100100100
00101100100100
10101100100100
01101100100100
00011100100100
10011100100100
01011100100100
00000010100100
10000010100100
01000010100100
11000010100100
00100010100100
10100010100100
01100010100100
11100010100100
00010010100100
10010010100100
01010010100100
11010010100100
00110010100100
10110010100100
01110010100100
00001010100100
10001010100100
01001010100100
11001010100100
00101010100100
10101010100100
01101010100100
00011010100100
10011010100100
01011010100100
00000110100100
10000110100100
01000110100100
11000110100100
00100110100100
10100110100100
01100110100100
00010110100100
10010110100100
01010110100100
11010110100100
00000001100100
10000001100100
01000001100100
11000001100100
00100001100100
10100001100100
01100001100100
11100001100100
00010001100100
10010001100100
01010001100100
11010001100100
00110001100100
10110001100100
01110001100100
00001001100100
10001001100100
01001001100100
11001001100100
00101001100100
10101001100100
01101001100100
00011001100100
10011001100100
01011001100100
00000101100100
10000101100100
01000101100100
11000101100100
00100101100100
10100101100100
01100101100100
00010101100100
10010101100100
01010101100100
11010101100100
00110101100100
10110101100100
01110101100100
11110101100100
00000000010100
10000000010100
01000000010100
11000000010100
00100000010100
10100000010100
01100000010100
11100000010100
00010000010100
10010000010100
01010000010100
11010000010100
00110000010100
10110000010100
01110000010100
11110000010100
00001000010100
10001000010100
01001000010100
11001000010100
00101000010100
10101000010100
01101000010100
11101000010100
00011000010100
10011000010100
01011000010100
11011000010100
00111000010100
10111000010100
01111000010100
00000100010100
10000100010100
01000100010100
11000100010100
00100100010100
10100100010100
01100100010100
11100100010100
00010100010100
10010100010100
01010100010100
11010100010100
00110100010100
10110100010100
01110100010100
00001100010100
10001100010100
01001100010100
11001100010100
00101100010100
10101100010100
01101100010100
11101100010100
00011100010100
10011100010100
01011100010100
00000010010100
10000010010100
01000010010100
11000010010100
00100010010100
10100010010100
01100010010100
11100010010100
00010010010100
10010010010100
01010010010100
11010010010100
00110010010100
10110010010100
01110010010100
00001010010100
10001010010100
01001010010100
11001010010100
00101010010100
10101010010100
01101010010100
00011010010100
10011010010100
01011010010100
00000110010100
10000110010100
01000110010100
11000110010100
00100110010100
10100110010100
01100110010100
00010110010100
10010110010100
01010110010100
00000001010100
10000001010100
01000001010100
11000001010100
00100001010100
10100001010100
01100001010100
11100001010100
00010001010100
10010001010100
01010001010100
11010001010100
00110001010100
10110001010100
01110001010100
00001001010100
10001001010100
01001001010100
11001001010100
00101001010100
10101001010100
01101001010100
00011001010100
10011001010100
01011001010100
00000101010100
10000101010100
01000101010100
11000101010100
00100101010100
10100101010100
01100101010100
00010101010100
10010101010100
01010101010100
10101010101011
01101010101011
11101010101011
10011010101011
01011010101011
11011010101011
00111010101011
10111010101011
01111010101011
11111010101011
10100110101011
01100110101011
11100110101011
10010110101011
01010110101011
11010110101011
00110110101011
10110110101011
01110110101011
11110110101011
10001110101011
01001110101011
11001110101011
00101110101011
10101110101011
01101110101011
11101110101011
00011110101011
10011110101011
01011110101011
11011110101011
00111110101011
10111110101011
01111110101011
11111110101011
10101001101011
01101001101011
11101001101011
10011001101011
01011001101011
11011001101011
00111001101011
10111001101011
01111001101011
11111001101011
10100101101011
01100101101011
11100101101011
10010101101011
01010101101011
11010101101011
00110101101011
10110101101011
01110101101011
11110101101011
10001101101011
01001101101011
11001101101011
00101101101011
10101101101011
01101101101011
11101101101011
00011101101011
10011101101011
01011101101011
11011101101011
00111101101011
10111101101011
01111101101011
11111101101011
10100011101011
01100011101011
11100011101011
00010011101011
10010011101011
01010011101011
11010011101011
00110011101011
10110011101011
01110011101011
11110011101011
10001011101011
01001011101011
11001011101011
00101011101011
10101011101011
01101011101011
11101011101011
00011011101011
10011011101011
01011011101011
11011011101011
00111011101011
10111011101011
01111011101011
11111011101011
10000111101011
01000111101011
11000111101011
00100111101011
10100111101011
01100111101011
11100111101011
00010111101011
10010111101011
01010111101011
11010111101011
00110111101011
10110111101011
01110111101011
11110111101011
00001111101011
10001111101011
01001111101011
11001111101011
00101111101011
10101111101011
01101111101011
11101111101011
00011111101011
10011111101011
01011111101011
11011111101011
00111111101011
10111111101011
01111111101011
11111111101011
00001010011011
10001010011011
01001010011011
11001010011011
00101010011011
10101010011011
01101010011011
11101010011011
10011010011011
01011010011011
11011010011011
00111010011011
10111010011011
01111010011011
11111010011011
10100110011011
01100110011011
11100110011011
10010110011011
01010110011011
11010110011011
00110110011011
10110110011011
01110110011011
11110110011011
10001110011011
01001110011011
11001110011011
00101110011011
10101110011011
01101110011011
11101110011011
00011110011011
10011110011011
01011110011011
11011110011011
00111110011011
10111110011011
01111110011011
11111110011011
00101001011011
10101001011011
01101001011011
11101001011011
10011001011011
01011001011011
11011001011011
00111001011011
10111001011011
01111001011011
11111001011011
10100101011011
01100101011011
11100101011011
10010101011011
01010101011011
11010101011011
00110101011011
10110101011011
01110101011011
11110101011011
10001101011011
01001101011011
11001101011011
00101101011011
10101101011011
01101101011011
11101101011011
00011101011011
10011101011011
01011101011011
11011101011011
00111101011011
10111101011011
01111101011011
11111101011011
10100011011011
01100011011011
11100011011011
10010011011011
01010011011011
11010011011011
00110011011011
10110011011011
01110011011011
11110011011011
10001011011011
01001011011011
11001011011011
00101011011011
10101011011011
01101011011011
11101011011011
00011011011011
10011011011011
01011011011011
11011011011011
00111011011011
10111011011011
01111011011011
11111011011011
10000111011011
01000111011011
11000111011011
00100111011011
10100111011011
01100111011011
11100111011011
00010111011011
10010111011011
01010111011011
11010111011011
00110111011011
10110111011011
01110111011011
11110111011011
00001111011011
10001111011011
01001111011011
11001111011011
00101111011011
10101111011011
01101111011011
11101111011011
00011111011011
10011111011011
01011111011011
11011111011011
00111111011011
10111111011011
01111111011011
11111111011011
00101000111011
10101000111011
01101000111011
11101000111011
00011000111011
10011000111011
01011000111011
11011000111011
00111000111011
10111000111011
01111000111011
11111000111011
00000100111011
10000100111011
01000100111011
11000100111011
00100100111011
10100100111011
01100100111011
11100100111011
00010100111011
10010100111011
01010100111011
11010100111011
00110100111011
10110100111011
01110100111011
11110100111011
10001100111011
01001100111011
11001100111011
00101100111011
10101100111011
01101100111011
11101100111011
00011100111011
10011100111011
01011100111011
11011100111011
00111100111011
10111100111011
01111100111011
11111100111011
10100010111011
01100010111011
11100010111011
00010010111011
10010010111011
01010010111011
11010010111011
00110010111011
10110010111011
01110010111011
11110010111011
10001010111011
01001010111011
11001010111011
00101010111011
10101010111011
01101010111011
11101010111011
00011010111011
10011010111011
01011010111011
11011010111011
00111010111011
10111010111011
01111010111011
11111010111011
10000110111011
01000110111011
11000110111011
00100110111011
10100110111011
01100110111011
11100110111011
00010110111011
10010110111011
01010110111011
11010110111011
00110110111011
10110110111011
01110110111011
11110110111011
00001110111011
10001110111011
01001110111011
11001110111011
00101110111011
10101110111011
01101110111011
11101110111011
00011110111011
10011110111011
01011110111011
11011110111011
00111110111011
10111110111011
01111110111011
11111110111011
10100001111011
01100001111011
11100001111011
00010001111011
10010001111011
01010001111011
11010001111011
00110001111011
10110001111011
01110001111011
11110001111011
00001001111011
10001001111011
01001001111011
11001001111011
00101001111011
10101001111011
01101001111011
11101001111011
00011001111011
10011001111011
01011001111011
11011001111011
00111001111011
10111001111011
01111001111011
11111001111011
10000101111011
01000101111011
11000101111011
00100101111011
10100101111011
01100101111011
11100101111011
00010101111011
10010101111011
01010101111011
11010101111011
00110101111011
10110101111011
01110101111011
11110101111011
00001101111011
10001101111011
01001101111011
11001101111011
00101101111011
10101101111011
01101101111011
11101101111011
00011101111011
10011101111011
01011101111011
11011101111011
00111101111011
10111101111011
01111101111011
11111101111011
10000011111011
01000011111011
11000011111011
00100011111011
10100011111011
01100011111011
11100011111011
00010011111011
10010011111011
01010011111011
11010011111011
00110011111011
10110011111011
01110011111011
11110011111011
00001011111011
10001011111011
01001011111011
11001011111011
00101011111011
10101011111011
01101011111011
11101011111011
00011011111011
10011011111011
01011011111011
11011011111011
00111011111011
10111011111011
01111011111011
11111011111011
00000111111011
10000111111011
01000111111011
11000111111011
00100111111011
10100111111011
01100111111011
11100111111011
00010111111011
10010111111011
01010111111011
11010111111011
00110111111011
10110111111011
01110111111011
11110111111011
00001111111011
10001111111011
01001111111011
11001111111011
00101111111011
10101111111011
01101111111011
11101111111011
00011111111011
10011111111011
01011111111011
11011111111011
00111111111011
10111111111011
01111111111011
11111111111011
00000000100111
10000000100111
01000000100111
11000000100111
00100000100111
10100000100111
01100000100111
11100000100111
00010000100111
10010000100111
01010000100111
11010000100111
00110000100111
10110000100111
01110000100111
11110000100111
00001000100111
10001000100111
01001000100111
11001000100111
00101000100111
10101000100111
01101000100111
11101000100111
00011000100111
10011000100111
01011000100111
11011000100111
00111000100111
10111000100111
00000100100111
10000100100111
01000100100111
11000100100111
00100100100111
10100100100111
01100100100111
11100100100111
00010100100111
10010100100111
01010100100111
11010100100111
00110100100111
10110100100111
00001100100111
10001100100111
01001100100111
11001100100111
00101100100111
10101100100111
01101100100111
11101100100111
00000010100111
10000010100111
01000010100111
11000010100111
00100010100111
10100010100111
01100010100111
11100010100111
00010010100111
10010010100111
01010010100111
11010010100111
00110010100111
10110010100111
00001010100111
10001010100111
01001010100111
11001010100111
00101010100111
10101010100111
01101010100111
11101010100111
10011010100111
01011010100111
11011010100111
00111010100111
10111010100111
01111010100111
11111010100111
00100110100111
10100110100111
01100110100111
11100110100111
10010110100111
01010110100111
11010110100111
00110110100111
10110110100111
01110110100111
11110110100111
10001110100111
01001110100111
11001110100111
00101110100111
10101110100111
01101110100111
11101110100111
00011110100111
10011110100111
01011110100111
11011110100111
00111110100111
10111110100111
01111110100111
11111110100111
00001001100111
10001001100111
01001001100111
11001001100111
00101001100111
10101001100111
01101001100111
11101001100111
10011001100111
01011001100111
11011001100111
00111001100111
10111001100111
01111001100111
11111001100111
00100101100111
10100101100111
01100101100111
11100101100111
10010101100111
01010101100111
11010101100111
00110101100111
10110101100111
01110101100111
11110101100111
10001101100111
01001101100111
11001101100111
00101101100111
10101101100111
01101101100111
11101101100111
00011101100111
10011101100111
01011101100111
11011101100111
00111101100111
10111101100111
01111101100111
11111101100111
00100011100111
10100011100111
01100011100111
11100011100111
00010011100111
10010011100111
01010011100111
11010011100111
00110011100111
10110011100111
01110011100111
11110011100111
10001011100111
01001011100111
11001011100111
00101011100111
10101011100111
01101011100111
11101011100111
00011011100111
10011011100111
01011011100111
11011011100111
00111011100111
10111011100111
01111011100111
11111011100111
10000111100111
01000111100111
11000111100111
00100111100111
10100111100111
01100111100111
11100111100111
00010111100111
10010111100111
01010111100111
11010111100111
00110111100111
10110111100111
01110111100111
11110111100111
00001111100111
10001111100111
01001111100111
11001111100111
00101111100111
10101111100111
01101111100111
11101111100111
00011111100111
10011111100111
01011111100111
11011111100111
00111111100111
10111111100111
01111111100111
11111111100111
00000010010111
10000010010111
01000010010111
11000010010111
00100010010111
10100010010111
01100010010111
11100010010111
00010010010111
10010010010111
01010010010111
11010010010111
00110010010111
10110010010111
00001010010111
10001010010111
01001010010111
11001010010111
00101010010111
10101010010111
01101010010111
11101010010111
10011010010111
01011010010111
11011010010111
00111010010111
10111010010111
01111010010111
11111010010111
00100110010111
10100110010111
01100110010111
11100110010111
10010110010111
01010110010111
11010110010111
00110110010111
10110110010111
01110110010111
11110110010111
10001110010111
01001110010111
11001110010111
00101110010111
10101110010111
01101110010111
11101110010111
00011110010111
10011110010111
01011110010111
11011110010111
00111110010111
10111110010111
01111110010111
11111110010111
00001001010111
10001001010111
01001001010111
11001001010111
00101001010111
10101001010111
01101001010111
11101001010111
10011001010111
01011001010111
11011001010111
00111001010111
10111001010111
01111001010111
11111001010111
00100101010111
10100101010111
01100101010111
11100101010111
10010101010111
01010101010111
11010101010111
00110101010111
10110101010111
01110101010111
11110101010111
10001101010111
01001101010111
11001101010111
00101101010111
10101101010111
01101101010111
11101101010111
00011101010111
10011101010111
01011101010111
11011101010111
00111101010111
10111101010111
01111101010111
11111101010111
00100011010111
10100011010111
01100011010111
11100011010111
10010011010111
01010011010111
11010011010111
00110011010111
10110011010111
01110011010111
11110011010111
10001011010111
01001011010111
11001011010111
00101011010111
10101011010111
01101011010111
11101011010111
00011011010111
10011011010111
01011011010111
11011011010111
00111011010111
10111011010111
01111011010111
11111011010111
10000111010111
01000111010111
11000111010111
00100111010111
10100111010111
01100111010111
11100111010111
00010111010111
10010111010111
01010111010111
11010111010111
00110111010111
10110111010111
01110111010111
11110111010111
00001111010111
10001111010111
01001111010111
11001111010111
00101111010111
10101111010111
01101111010111
11101111010111
00011111010111
10011111010111
01011111010111
11011111010111
00111111010111
10111111010111
01111111010111
11111111010111
00001000110111
10001000110111
01001000110111
11001000110111
00101000110111
10101000110111
01101000110111
11101000110111
00011000110111
10011000110111
01011000110111
11011000110111
00111000110111
10111000110111
01111000110111
11111000110111
00100100110111
10100100110111
01100100110111
11100100110111
00010100110111
10010100110111
01010100110111
11010100110111
00110100110111
10110100110111
01110100110111
11110100110111
10001100110111
01001100110111
11001100110111
00101100110111
10101100110111
01101100110111
11101100110111
00011100110111
10011100110111
01011100110111
11011100110111
00111100110111
10111100110111
01111100110111
11111100110111
00100010110111
10100010110111
01100010110111
11100010110111
10010010110111
01010010110111
11010010110111
00110010110111
10110010110111
01110010110111
11110010110111
10001010110111
01001010110111
11001010110111
00101010110111
10101010110111
01101010110111
11101010110111
00011010110111
10011010110111
01011010110111
11011010110111
00111010110111
10111010110111
01111010110111
11111010110111
10000110110111
01000110110111
11000110110111
00100110110111
10100110110111
01100110110111
11100110110111
00010110110111
10010110110111
01010110110111
11010110110111
00110110110111
10110110110111
01110110110111
11110110110111
00001110110111
10001110110111
01001110110111
11001110110111
00101110110111
10101110110111
01101110110111
11101110110111
00011110110111
10011110110111
01011110110111
11011110110111
00111110110111
10111110110111
01111110110111
11111110110111
00100001110111
10100001110111
01100001110111
11100001110111
10010001110111
01010001110111
11010001110111
00110001110111
10110001110111
01110001110111
11110001110111
00001001110111
10001001110111
01001001110111
11001001110111
00101001110111
10101001110111
01101001110111
11101001110111
00011001110111
10011001110111
01011001110111
11011001110111
00111001110111
10111001110111
01111001110111
11111001110111
10000101110111
01000101110111
11000101110111
00100101110111
10100101110111
01100101110111
11100101110111
00010101110111
10010101110111
01010101110111
11010101110111
00110101110111
10110101110111
01110101110111
11110101110111
00001101110111
10001101110111
01001101110111
11001101110111
00101101110111
10101101110111
01101101110111
11101101110111
00011101110111
10011101110111
01011101110111
11011101110111
00111101110111
10111101110111
01111101110111
11111101110111
10000011110111
01000011110111
11000011110111
00100011110111
10100011110111
01100011110111
11100011110111
00010011110111
10010011110111
01010011110111
11010011110111
00110011110111
10110011110111
01110011110111
11110011110111
00001011110111
10001011110111
01001011110111
11001011110111
00101011110111
10101011110111
01101011110111
11101011110111
00011011110111
10011011110111
01011011110111
11011011110111
00111011110111
10111011110111
01111011110111
11111011110111
00000111110111
10000111110111
01000111110111
11000111110111
00100111110111
10100111110111
01100111110111
11100111110111
00010111110111
10010111110111
01010111110111
11010111110111
00110111110111
10110111110111
01110111110111
11110111110111
00001111110111
10001111110111
01001111110111
11001111110111
00101111110111
10101111110111
01101111110111
11101111110111
00011111110111
10011111110111
01011111110111
11011111110111
00111111110111
10111111110111
01111111110111
11111111110111
00000010001111
10000010001111
01000010001111
11000010001111
00100010001111
10100010001111
01100010001111
11100010001111
00010010001111
10010010001111
01010010001111
11010010001111
00110010001111
10110010001111
01110010001111
00001010001111
10001010001111
01001010001111
11001010001111
00101010001111
10101010001111
01101010001111
11101010001111
00011010001111
10011010001111
01011010001111
11011010001111
00111010001111
10111010001111
01111010001111
11111010001111
00000110001111
10000110001111
01000110001111
11000110001111
00100110001111
10100110001111
01100110001111
11100110001111
00010110001111
10010110001111
01010110001111
11010110001111
00110110001111
10110110001111
01110110001111
11110110001111
10001110001111
01001110001111
11001110001111
00101110001111
10101110001111
01101110001111
11101110001111
00011110001111
10011110001111
01011110001111
11011110001111
00111110001111
10111110001111
01111110001111
11111110001111
00000001001111
10000001001111
01000001001111
11000001001111
00100001001111
10100001001111
01100001001111
11100001001111
00010001001111
10010001001111
01010001001111
11010001001111
00110001001111
10110001001111
01110001001111
00001001001111
10001001001111
01001001001111
11001001001111
00101001001111
10101001001111
01101001001111
11101001001111
00011001001111
10011001001111
01011001001111
11011001001111
00111001001111
10111001001111
01111001001111
11111001001111
00000101001111
10000101001111
01000101001111
11000101001111
00100101001111
10100101001111
01100101001111
11100101001111
00010101001111
10010101001111
01010101001111
11010101001111
00110101001111
10110101001111
01110101001111
11110101001111
10001101001111
01001101001111
11001101001111
00101101001111
10101101001111
01101101001111
11101101001111
00011101001111
10011101001111
01011101001111
11011101001111
00111101001111
10111101001111
01111101001111
11111101001111
00100011001111
10100011001111
01100011001111
11100011001111
00010011001111
10010011001111
01010011001111
11010011001111
00110011001111
10110011001111
01110011001111
11110011001111
10001011001111
01001011001111
11001011001111
00101011001111
10101011001111
01101011001111
11101011001111
00011011001111
10011011001111
01011011001111
11011011001111
00111011001111
10111011001111
01111011001111
11111011001111
10000111001111
01000111001111
11000111001111
00100111001111
10100111001111
01100111001111
11100111001111
00010111001111
10010111001111
01010111001111
11010111001111
00110111001111
10110111001111
01110111001111
11110111001111
00001111001111
10001111001111
01001111001111
11001111001111
00101111001111
10101111001111
01101111001111
11101111001111
00011111001111
10011111001111
01011111001111
11011111001111
00111111001111
10111111001111
01111111001111
11111111001111
00001000101111
10001000101111
01001000101111
11001000101111
00101000101111
10101000101111
01101000101111
11101000101111
00011000101111
10011000101111
01011000101111
11011000101111
00111000101111
10111000101111
01111000101111
11111000101111
00000100101111
10000100101111
01000100101111
11000100101111
00100100101111
10100100101111
01100100101111
11100100101111
00010100101111
10010100101111
01010100101111
11010100101111
00110100101111
10110100101111
01110100101111
11110100101111
10001100101111
01001100101111
11001100101111
00101100101111
10101100101111
01101100101111
11101100101111
00011100101111
10011100101111
01011100101111
11011100101111
00111100101111
10111100101111
01111100101111
11111100101111
00100010101111
10100010101111
01100010101111
11100010101111
00010010101111
10010010101111
01010010101111
11010010101111
00110010101111
10110010101111
01110010101111
11110010101111
10001010101111
01001010101111
11001010101111
00101010101111
10101010101111
01101010101111
11101010101111
00011010101111
10011010101111
01011010101111
11011010101111
00111010101111
10111010101111
01111010101111
11111010101111
10000110101111
01000110101111
11000110101111
00100110101111
10100110101111
01100110101111
11100110101111
00010110101111
10010110101111
01010110101111
11010110101111
00110110101111
10110110101111
01110110101111
11110110101111
00001110101111
10001110101111
01001110101111
11001110101111
00101110101111
10101110101111
01101110101111
11101110101111
00011110101111
10011110101111
01011110101111
11011110101111
00111110101111
10111110101111
01111110101111
11111110101111
00100001101111
10100001101111
01100001101111
11100001101111
00010001101111
10010001101111
01010001101111
11010001101111
00110001101111
10110001101111
01110001101111
11110001101111
10001001101111
01001001101111
11001001101111
00101001101111
10101001101111
01101001101111
11101001101111
00011001101111
10011001101111
01011001101111
11011001101111
00111001101111
10111001101111
01111001101111
11111001101111
10000101101111
01000101101111
11000101101111
00100101101111
10100101101111
01100101101111
11100101101111
00010101101111
10010101101111
01010101101111
11010101101111
00110101101111
10110101101111
01110101101111
11110101101111
00001101101111
10001101101111
01001101101111
11001101101111
00101101101111
10101101101111
01101101101111
11101101101111
00011101101111
10011101101111
01011101101111
11011101101111
00111101101111
10111101101111
01111101101111
11111101101111
10000011101111
01000011101111
11000011101111
00100011101111
10100011101111
01100011101111
11100011101111
00010011101111
10010011101111
01010011101111
11010011101111
00110011101111
10110011101111
01110011101111
11110011101111
00001011101111
10001011101111
01001011101111
11001011101111
00101011101111
10101011101111
01101011101111
11101011101111
00011011101111
10011011101111
01011011101111
11011011101111
00111011101111
10111011101111
01111011101111
11111011101111
00000111101111
10000111101111
01000111101111
11000111101111
00100111101111
10100111101111
01100111101111
11100111101111
00010111101111
10010111101111
01010111101111
11010111101111
00110111101111
10110111101111
01110111101111
11110111101111
00001111101111
10001111101111
01001111101111
11001111101111
00101111101111
10101111101111
01101111101111
11101111101111
00011111101111
10011111101111
01011111101111
11011111101111
00111111101111
10111111101111
01111111101111
11111111101111
00001000011111
10001000011111
01001000011111
11001000011111
00101000011111
10101000011111
01101000011111
11101000011111
00011000011111
10011000011111
01011000011111
11011000011111
00111000011111
10111000011111
01111000011111
11111000011111
00000100011111
10000100011111
01000100011111
11000100011111
00100100011111
10100100011111
01100100011111
11100100011111
00010100011111
10010100011111
01010100011111
11010100011111
00110100011111
10110100011111
01110100011111
11110100011111
00001100011111
10001100011111
01001100011111
11001100011111
00101100011111
10101100011111
01101100011111
11101100011111
00011100011111
10011100011111
01011100011111
11011100011111
00111100011111
10111100011111
01111100011111
11111100011111
00000010011111
10000010011111
01000010011111
11000010011111
00100010011111
10100010011111
01100010011111
11100010011111
00010010011111
10010010011111
01010010011111
11010010011111
00110010011111
10110010011111
01110010011111
11110010011111
00001010011111
10001010011111
01001010011111
11001010011111
00101010011111
10101010011111
01101010011111
11101010011111
00011010011111
10011010011111
01011010011111
11011010011111
00111010011111
10111010011111
01111010011111
11111010011111
10000110011111
01000110011111
11000110011111
00100110011111
10100110011111
01100110011111
11100110011111
00010110011111
10010110011111
01010110011111
11010110011111
00110110011111
10110110011111
01110110011111
11110110011111
00001110011111
10001110011111
01001110011111
11001110011111
00101110011111
10101110011111
01101110011111
11101110011111
00011110011111
10011110011111
01011110011111
11011110011111
00111110011111
10111110011111
01111110011111
11111110011111
00100001011111
10100001011111
01100001011111
11100001011111
00010001011111
10010001011111
01010001011111
11010001011111
00110001011111
10110001011111
01110001011111
11110001011111
00001001011111
10001001011111
01001001011111
11001001011111
00101001011111
10101001011111
01101001011111
11101001011111
00011001011111
10011001011111
01011001011111
11011001011111
00111001011111
10111001011111
01111001011111
11111001011111
10000101011111
01000101011111
11000101011111
00100101011111
10100101011111
01100101011111
11100101011111
00010101011111
10010101011111
01010101011111
11010101011111
00110101011111
10110101011111
01110101011111
11110101011111
00001101011111
10001101011111
01001101011111
11001101011111
00101101011111
10101101011111
01101101011111
11101101011111
00011101011111
10011101011111
01011101011111
11011101011111
00111101011111
10111101011111
01111101011111
11111101011111
10000011011111
01000011011111
11000011011111
00100011011111
10100011011111
01100011011111
11100011011111
00010011011111
10010011011111
01010011011111
11010011011111
00110011011111
10110011011111
01110011011111
11110011011111
00001011011111
10001011011111
01001011011111
11001011011111
00101011011111
10101011011111
01101011011111
11101011011111
00011011011111
10011011011111
01011011011111
11011011011111
00111011011111
10111011011111
01111011011111
11111011011111
00000111011111
10000111011111
01000111011111
11000111011111
00100111011111
10100111011111
01100111011111
11100111011111
00010111011111
10010111011111
01010111011111
11010111011111
00110111011111
10110111011111
01110111011111
11110111011111
00001111011111
10001111011111
01001111011111
11001111011111
00101111011111
10101111011111
01101111011111
11101111011111
00011111011111
10011111011111
01011111011111
11011111011111
00111111011111
10111111011111
01111111011111
11111111011111
00100000111111
10100000111111
01100000111111
11100000111111
00010000111111
10010000111111
01010000111111
11010000111111
00110000111111
10110000111111
01110000111111
11110000111111
00001000111111
10001000111111
01001000111111
11001000111111
00101000111111
10101000111111
01101000111111
11101000111111
00011000111111
10011000111111
01011000111111
11011000111111
00111000111111
10111000111111
01111000111111
11111000111111
00000100111111
10000100111111
01000100111111
11000100111111
00100100111111
10100100111111
01100100111111
11100100111111
00010100111111
10010100111111
01010100111111
11010100111111
00110100111111
10110100111111
01110100111111
11110100111111
00001100111111
10001100111111
01001100111111
11001100111111
00101100111111
10101100111111
01101100111111
11101100111111
00011100111111
10011100111111
01011100111111
11011100111111
00111100111111
10111100111111
01111100111111
11111100111111
10000010111111
01000010111111
11000010111111
00100010111111
10100010111111
01100010111111
11100010111111
00010010111111
10010010111111
01010010111111
11010010111111
00110010111111
10110010111111
01110010111111
11110010111111
00001010111111
10001010111111
01001010111111
11001010111111
00101010111111
10101010111111
01101010111111
11101010111111
00011010111111
10011010111111
01011010111111
11011010111111
00111010111111
10111010111111
01111010111111
11111010111111
00000110111111
10000110111111
01000110111111
11000110111111
00100110111111
10100110111111
01100110111111
11100110111111
00010110111111
10010110111111
01010110111111
11010110111111
00110110111111
10110110111111
01110110111111
11110110111111
00001110111111
10001110111111
01001110111111
11001110111111
00101110111111
10101110111111
01101110111111
11101110111111
00011110111111
10011110111111
01011110111111
11011110111111
00111110111111
10111110111111
01111110111111
11111110111111
10000001111111
01000001111111
11000001111111
00100001111111
10100001111111
01100001111111
11100001111111
00010001111111
10010001111111
01010001111111
11010001111111
00110001111111
10110001111111
01110001111111
11110001111111
00001001111111
10001001111111
01001001111111
11001001111111
00101001111111
10101001111111
01101001111111
11101001111111
00011001111111
10011001111111
01011001111111
11011001111111
00111001111111
10111001111111
01111001111111
11111001111111
00000101111111
10000101111111
01000101111111
11000101111111
00100101111111
10100101111111
01100101111111
11100101111111
00010101111111
10010101111111
01010101111111
11010101111111
00110101111111
10110101111111
01110101111111
11110101111111
00001101111111
10001101111111
01001101111111
11001101111111
00101101111111
10101101111111
01101101111111
11101101111111
00011101111111
10011101111111
01011101111111
11011101111111
00111101111111
10111101111111
01111101111111
11111101111111
00000011111111
10000011111111
01000011111111
11000011111111
00100011111111
10100011111111
01100011111111
11100011111111
00010011111111
10010011111111
01010011111111
11010011111111
00110011111111
10110011111111
01110011111111
11110011111111
00001011111111
10001011111111
01001011111111
11001011111111
00101011111111
10101011111111
01101011111111
11101011111111
00011011111111
10011011111111
01011011111111
11011011111111
00111011111111
10111011111111
01111011111111
11111011111111
00000111111111
10000111111111
01000111111111
11000111111111
00100111111111
10100111111111
01100111111111
11100111111111
00010111111111
10010111111111
01010111111111
11010111111111
00110111111111
10110111111111
01110111111111
11110111111111
00001111111111
10001111111111
01001111111111
11001111111111
00101111111111
10101111111111
01101111111111
11101111111111
00011111111111
10011111111111
01011111111111
11011111111111
00111111111111
10111111111111
01111111111111
11111111111111
