[16, 13] -> 13
[16, 1] -> 16
[4, 0] -> 14
[14, 20] -> 14
[18, 4] -> 13
[1, 5] -> 1
[19, 0] -> 0
[2, 18] -> 13
[9, 13] -> 12
[3, 10] -> 14
[18, 3] -> 13
[6, 12] -> 12
[20, 0] -> 14
[8, 17] -> 12
[16, 10] -> 14
[10, 1] -> 14
[3, 5] -> 3
[15, 20] -> 14
[15, 15] -> 15
[9, 4] -> 13
[4, 15] -> 15
[20, 4] -> 15
[3, 1] -> 1
[17, 2] -> 17
[6, 8] -> 12
[16, 8] -> 13
[9, 16] -> 13
[18, 7] -> 18
[6, 15] -> 15
[2, 13] -> 13
[0, 13] -> 13
[10, 2] -> 13
[0, 8] -> 12
[1, 8] -> 13
[11, 6] -> 13
[12, 18] -> 12
[19, 3] -> 14
[13, 11] -> 12
[17, 16] -> 14
[17, 18] -> 13
[9, 9] -> 9
[19, 18] -> 12
[16, 5] -> 16
[19, 7] -> 12
[14, 9] -> 12
[14, 11] -> 12
[14, 16] -> 14
[13, 4] -> 15
[7, 13] -> 13
[8, 2] -> 12
[14, 4] -> 14
[18, 8] -> 11
[18, 15] -> 13
[16, 20] -> 16
[14, 19] -> 13
[16, 16] -> 16
[3, 16] -> 16
[14, 5] -> 14
[11, 16] -> 13
[17, 0] -> 0
[10, 4] -> 14
[8, 3] -> 12
[20, 3] -> 16
[16, 18] -> 13
[17, 19] -> 17
[3, 17] -> 14
[7, 12] -> 12
[20, 9] -> 13
[2, 14] -> 13
[6, 0] -> 0
[15, 17] -> 14
[19, 2] -> 17
[0, 9] -> 13
[7, 1] -> 13
[5, 6] -> 13
[8, 7] -> 11
[15, 16] -> 14
[13, 8] -> 13
[19, 1] -> 14
[19, 5] -> 14
[12, 5] -> 14
[1, 12] -> 14
[10, 13] -> 13
[9, 17] -> 13
[0, 18] -> 13
[5, 0] -> 14
[10, 10] -> 10
[4, 3] -> 15
[7, 0] -> 12
[18, 10] -> 13
[16, 4] -> 15
[7, 5] -> 13
[15, 2] -> 13
[7, 20] -> 13
[8, 9] -> 11
[3, 14] -> 14
[19, 9] -> 13
[20, 13] -> 13
[1, 1] -> 1
[1, 11] -> 13
[5, 4] -> 14
[2, 2] -> 2
[3, 9] -> 13
[20, 17] -> 13
[14, 14] -> 14
[18, 9] -> 9
[3, 13] -> 13
[7, 11] -> 11
[9, 6] -> 13
[3, 11] -> 13
[6, 16] -> 13
[20, 19] -> 13
[20, 1] -> 16
[2, 6] -> 2
[19, 19] -> 17
[1, 18] -> 13
[12, 9] -> 12
[7, 7] -> 7
[18, 18] -> 18
[19, 16] -> 14
[0, 10] -> 10
[4, 12] -> 14
[12, 15] -> 13
[18, 6] -> 13
[3, 0] -> 14
[0, 1] -> 14
[0, 15] -> 13
[10, 15] -> 13
[8, 15] -> 13
[2, 20] -> 13
[14, 7] -> 14
[19, 6] -> 17
[2, 5] -> 14
[6, 6] -> 6
[11, 4] -> 13
[8, 19] -> 12
[17, 6] -> 17
[10, 14] -> 13
[3, 12] -> 14
[15, 14] -> 15
[10, 20] -> 14
[16, 0] -> 14
[10, 7] -> 12
[10, 6] -> 10
[17, 11] -> 13
[9, 10] -> 13
[6, 20] -> 13
[8, 8] -> 8
[17, 10] -> 10
[14, 0] -> 13
[5, 18] -> 13
[3, 15] -> 14
[14, 13] -> 14
[20, 5] -> 16
[11, 20] -> 13
[2, 7] -> 12
[20, 8] -> 13
[12, 14] -> 13
[3, 6] -> 13
[7, 17] -> 12
[8, 10] -> 13
[7, 4] -> 13
[5, 9] -> 13
[5, 17] -> 14
[17, 17] -> 17
[0, 2] -> 0
[11, 2] -> 13
[1, 9] -> 13
[15, 9] -> 13
[9, 11] -> 11
[13, 18] -> 12
[13, 19] -> 13
[12, 10] -> 12
[5, 8] -> 12
[15, 19] -> 14
[2, 3] -> 14
[12, 19] -> 12
[4, 1] -> 15
[11, 0] -> 13
[13, 15] -> 14
[11, 15] -> 13
[11, 18] -> 11
[4, 4] -> 4
[17, 4] -> 14
[18, 14] -> 13
[8, 11] -> 11
[7, 6] -> 12
[13, 12] -> 13
[11, 11] -> 11
[6, 1] -> 13
[7, 9] -> 9
[9, 2] -> 13
[12, 8] -> 12
[4, 8] -> 13
[13, 6] -> 13
[12, 2] -> 12
[5, 13] -> 13
[10, 5] -> 14
[14, 1] -> 14
[7, 3] -> 13
[12, 0] -> 12
[13, 1] -> 13
[19, 4] -> 14
[2, 1] -> 13
[13, 13] -> 13
[20, 12] -> 14
[18, 20] -> 13
[1, 17] -> 14
[2, 4] -> 13
[11, 19] -> 13
[11, 10] -> 13
[5, 11] -> 13
[17, 12] -> 12
[11, 12] -> 12
[8, 14] -> 12
[19, 10] -> 10
[13, 17] -> 13
[7, 15] -> 13
[12, 12] -> 12
[2, 16] -> 13
[15, 1] -> 14
[5, 5] -> 5
[14, 6] -> 14
[4, 6] -> 14
[20, 20] -> 16
[12, 16] -> 14
[16, 7] -> 13
[0, 0] -> 0
[5, 15] -> 15
[14, 17] -> 13
[3, 3] -> 3

