1000,0100,1011
1000,0100,0111
1000,0100,1111
1000,1011,0100
1000,1011,0111
1000,0111,0100
1000,0111,1011
1000,1111,0100
1011,0000,0111
1011,1000,0100
1011,1000,0111
1011,0100,1000
1011,0100,0111
1011,0111,0000
1011,0111,1000
1011,0111,0100
1111,1000,0100
1111,0100,1000
10000,0100,111
11000,1000,111
11000,1111,100
10111,0111,000
10000,01000,11
10000,00100,11
10000,11011,00
10000,10111,00
10000,10111,11
10000,01111,00
10000,01111,11
10000,11111,00
10100,10111,11
11011,10000,00
11011,01000,00
11011,10111,00
11011,01111,00
10111,00000,11
10111,10000,00
10111,10000,11
10111,01000,00
10111,01000,11
10111,00100,11
10111,10100,11
10111,11011,00
10111,01111,00
11111,10000,00
11111,01000,00
100000,000,111
100000,111,000
110000,100,111
110000,111,100
101000,100,111
101000,111,100
110111,000,111
110111,100,111
110111,111,000
110111,111,100
101111,000,111
101111,100,111
101111,111,000
101111,111,100
100000,0100,11
100000,1011,00
100000,0111,00
100000,1111,00
101000,0100,11
101011,0111,00
100111,1000,11
100111,1011,00
101111,0000,11
101111,1000,11
101111,0100,11
101111,0111,00
100000,11011,0
100000,10111,0
100000,11111,0
110000,10000,0
110000,11011,0
110000,10111,0
110000,11111,0
101000,11011,0
101000,10111,0
101000,11111,0
100100,11011,0
100100,10111,0
100100,11111,0
101011,10000,0
111011,10000,0
100111,10000,0
100111,10111,0
110111,10000,0
110111,10111,0
101111,10000,0
101111,11011,0
111111,10000,0
1000000,000,11
1000000,111,00
1100000,111,00
1010000,100,11
1010000,111,00
1001000,111,00
1000100,111,00
1011011,000,11
1011011,100,11
1010111,000,11
1010111,100,11
1001111,000,11
1101111,111,00
1011111,000,11
1011111,100,11
1011111,111,00
1000000,1011,0
1000000,1111,0
1100000,1111,0
1010000,1011,0
1010000,1111,0
1001000,1000,0
1001000,1011,0
1001000,1111,0
1011000,1000,0
1000100,1011,0
1000100,1111,0
1101011,1000,0
1011011,1000,0
1111011,1000,0
1100111,1000,0
1010111,1000,0
1010111,1011,0
1110111,1000,0
1110111,1111,0
1001111,1000,0
1101111,1000,0
1101111,1111,0
1011111,1000,0
1011111,1111,0
1111111,1000,0
10000000,00,11
10000000,11,00
10100000,00,11
10100000,11,00
10010000,00,11
10010000,11,00
10001000,00,11
10001000,11,00
10000100,00,11
10000100,11,00
10111011,00,11
10111011,11,00
10110111,00,11
10110111,11,00
10101111,00,11
10101111,11,00
10011111,00,11
10011111,11,00
10111111,00,11
10111111,11,00
10000000,111,0
11000000,111,0
10100000,111,0
10010000,111,0
11010000,111,0
10110000,111,0
10001000,111,0
11001000,111,0
10101000,111,0
10011000,111,0
10000100,111,0
11000100,111,0
10100100,111,0
10010100,111,0
11011011,111,0
10111011,111,0
11010111,111,0
10110111,111,0
10001111,111,0
11001111,111,0
10101111,111,0
11011111,111,0
10111111,111,0
100000000,11,0
101000000,11,0
100100000,11,0
100010000,11,0
101010000,11,0
100110000,11,0
100001000,11,0
101001000,11,0
100101000,11,0
100011000,11,0
100000100,11,0
101000100,11,0
100100100,11,0
100010100,11,0
101101011,11,0
101011011,11,0
101111011,11,0
100100111,11,0
101100111,11,0
101010111,11,0
100110111,11,0
101110111,11,0
101101111,11,0
101011111,11,0
101111111,11,0
