10000,01000,1011
10000,01000,0111
10000,01000,1111
10000,11000,1111
10000,00100,1011
10000,00100,0111
10000,00100,1111
10000,11011,0100
10000,10111,0100
10000,10111,0111
10000,01111,0100
10000,01111,1011
10000,11111,0100
11000,10000,1111
11000,10100,1111
11000,11011,1000
11000,10111,1000
11000,11111,1000
10100,11000,1111
11011,10000,0100
11011,01000,1000
11011,11000,1000
11011,10111,0000
11011,10111,1000
11011,10111,0100
11011,01111,0000
11011,01111,1000
11011,01111,0100
10111,00000,0111
10111,10000,0100
10111,10000,0111
10111,01000,1000
10111,01000,0111
10111,11000,1000
10111,00100,0111
10111,11011,0000
10111,11011,1000
10111,11011,0100
10111,01111,0000
10111,01111,1000
10111,01111,0100
11111,10000,0100
11111,01000,1000
11111,11000,1000
100000,0100,1011
100000,0100,0111
100000,0100,1111
100000,1011,0100
100000,1011,0111
100000,0111,0100
100000,0111,1011
100000,1111,0100
110000,1000,1111
110000,0100,1111
110000,1111,1000
110000,1111,0100
101000,0100,1011
101000,0100,0111
101000,0100,1111
101000,1011,0100
101000,1011,0111
101000,0111,0100
101000,0111,1011
101000,1111,0100
100100,1011,0111
100100,0111,1011
101011,0000,0111
101011,1000,0100
101011,1000,0111
101011,0100,1000
101011,0100,0111
101011,0111,0000
101011,0111,1000
101011,0111,0100
111011,1000,0100
111011,0100,1000
100111,0000,1011
100111,1000,0100
100111,1000,1011
100111,1000,1111
100111,0100,1000
100111,0100,1011
100111,1011,0000
100111,1011,1000
100111,1011,0100
100111,1111,1000
110111,1000,0100
110111,0100,1000
101111,0000,0111
101111,1000,0100
101111,1000,0111
101111,0100,1000
101111,0100,0111
101111,0111,0000
101111,0111,1000
101111,0111,0100
111111,1000,0100
111111,0100,1000
100000,01000,111
100000,11000,111
100000,00100,111
100000,11011,000
100000,10111,000
100000,01111,000
100000,11111,000
110000,10000,111
110000,01000,111
110000,10100,111
110000,11011,100
110000,10111,100
110000,11111,100
101000,01000,111
101000,11000,100
101000,11000,111
101000,11011,100
101000,10111,100
101000,11111,100
100100,11000,111
101011,01111,000
111011,11000,100
100111,10000,111
100111,11000,111
100111,10111,000
110111,00000,111
110111,10000,111
110111,01000,111
110111,11000,100
110111,11000,111
110111,00100,111
110111,10100,111
110111,10111,000
110111,10111,100
110111,01111,000
101111,00000,111
101111,10000,111
101111,01000,111
101111,11000,100
101111,11000,111
101111,00100,111
101111,10100,111
101111,11011,000
101111,11011,100
101111,01111,000
111111,11000,100
100000,010000,11
100000,001000,11
100000,000100,11
100000,010100,11
100000,101011,00
100000,011011,00
100000,111011,00
100000,100111,00
100000,100111,11
100000,010111,00
100000,110111,00
100000,101111,00
100000,101111,11
100000,011111,00
100000,011111,11
100000,111111,00
101000,010000,11
101000,011000,11
101000,100100,11
101000,010100,11
101000,100111,11
101000,101111,11
101000,011111,11
100100,101000,11
100100,011000,11
100100,010100,11
100100,100111,11
100100,101111,11
100100,011111,11
101011,100000,00
101011,010000,00
101011,011011,00
101011,100111,00
101011,010111,00
101011,011111,00
111011,100000,00
111011,010000,00
111011,110111,00
111011,101111,00
111011,011111,00
100111,100000,00
100111,100000,11
100111,010000,00
100111,101000,11
100111,100100,11
100111,101011,00
100111,011011,00
100111,010111,00
100111,101111,00
100111,101111,11
110111,100000,00
110111,010000,00
110111,111011,00
110111,101111,00
110111,011111,00
101111,000000,11
101111,100000,00
101111,100000,11
101111,010000,00
101111,010000,11
101111,001000,11
101111,101000,11
101111,011000,11
101111,000100,11
101111,100100,11
101111,010100,11
101111,111011,00
101111,100111,00
101111,100111,11
101111,010111,00
101111,110111,00
101111,011111,00
111111,100000,00
111111,010000,00
1000000,0000,111
1000000,0100,111
1000000,1011,000
1000000,0111,000
1000000,1111,000
1100000,1000,111
1100000,0100,111
1100000,1111,100
1010000,1000,111
1010000,0100,111
1010000,1011,100
1010000,1111,100
1110000,1111,100
1001000,1000,111
1001000,0100,111
1101000,1000,111
1101000,1111,100
1011000,1000,111
1011000,0111,000
1011000,1111,100
1000100,0100,111
1011011,0111,000
1010111,1011,000
1010111,1011,100
1010111,0111,000
1110111,1111,000
1110111,1111,100
1001111,1000,111
1001111,1011,000
1001111,0111,000
1101111,0000,111
1101111,1000,111
1101111,0100,111
1101111,1111,000
1101111,1111,100
1011111,0000,111
1011111,1000,111
1011111,0100,111
1011111,0111,000
1011111,1111,000
1011111,1111,100
1000000,01000,11
1000000,00100,11
1000000,11011,00
1000000,10111,00
1000000,10111,11
1000000,01111,00
1000000,01111,11
1000000,11111,00
1100000,11011,00
1100000,10111,00
1100000,01111,00
1100000,11111,00
1010000,01000,11
1010000,00100,11
1010000,11011,00
1010000,10111,00
1010000,10111,11
1010000,01111,00
1010000,01111,11
1010000,11111,00
1001000,00100,11
1001000,11011,00
1001000,10111,00
1001000,10111,11
1001000,01111,00
1001000,01111,11
1001000,11111,00
1011000,10000,00
1011000,10000,11
1011000,01000,00
1011000,10111,00
1011000,10111,11
1011000,01111,00
1000100,01000,00
1000100,01000,11
1000100,11011,00
1000100,10111,00
1000100,10111,11
1000100,01111,00
1000100,01111,11
1000100,11111,00
1010100,10111,11
1101011,10000,00
1101011,01000,00
1101011,10111,00
1101011,01111,00
1011011,00000,11
1011011,10000,00
1011011,10000,11
1011011,01000,00
1011011,01000,11
1011011,00100,11
1011011,10100,11
1011011,01111,00
1111011,10000,00
1111011,01000,00
1100111,10000,00
1100111,01000,00
1100111,11011,00
1100111,10111,00
1100111,01111,00
1010111,00000,11
1010111,10000,00
1010111,10000,11
1010111,01000,00
1010111,01000,11
1010111,00100,11
1010111,10100,11
1010111,11011,00
1010111,01111,00
1110111,10000,00
1110111,01000,00
1001111,00000,11
1001111,10000,00
1001111,10000,11
1001111,01000,00
1001111,01000,11
1001111,00100,11
1001111,11011,00
1001111,10111,00
1101111,10000,00
1101111,01000,00
1101111,10111,00
1101111,01111,00
1011111,00000,11
1011111,10000,00
1011111,10000,11
1011111,01000,00
1011111,01000,11
1011111,00100,11
1011111,10100,11
1011111,11011,00
1011111,01111,00
1011111,01111,11
1111111,10000,00
1111111,01000,00
1000000,110000,0
1000000,101011,0
1000000,111011,0
1000000,100111,0
1000000,110111,0
1000000,101111,0
1000000,111111,0
1100000,100000,0
1100000,111011,0
1100000,110111,0
1100000,101111,0
1100000,111111,0
1010000,110000,0
1010000,101011,0
1010000,111011,0
1010000,100111,0
1010000,110111,0
1010000,101111,0
1010000,111111,0
1001000,110000,0
1001000,101000,0
1001000,101011,0
1001000,111011,0
1001000,100111,0
1001000,110111,0
1001000,101111,0
1001000,111111,0
1011000,100000,0
1011000,101000,0
1011000,100100,0
1011000,101111,0
1000100,110000,0
1000100,101011,0
1000100,111011,0
1000100,100111,0
1000100,110111,0
1000100,101111,0
1000100,111111,0
1101011,100000,0
1101011,110000,0
1101011,101000,0
1101011,100100,0
1101011,101111,0
1011011,100000,0
1011011,110000,0
1011011,101000,0
1011011,100100,0
1011011,100111,0
1111011,100000,0
1111011,110000,0
1111011,101000,0
1111011,100100,0
1100111,100000,0
1100111,110000,0
1100111,101000,0
1100111,100100,0
1100111,110111,0
1100111,101111,0
1010111,100000,0
1010111,110000,0
1010111,101000,0
1010111,100100,0
1010111,100111,0
1010111,110111,0
1110111,100000,0
1110111,110000,0
1110111,101000,0
1110111,100100,0
1110111,110111,0
1110111,101111,0
1001111,100000,0
1001111,110000,0
1001111,101000,0
1001111,100100,0
1001111,110111,0
1001111,101111,0
1101111,100000,0
1101111,110000,0
1101111,101000,0
1101111,100100,0
1101111,111011,0
1101111,101111,0
1011111,100000,0
1011111,110000,0
1011111,101000,0
1011111,100100,0
1011111,111011,0
1011111,100111,0
1011111,110111,0
1111111,100000,0
1111111,110000,0
1111111,101000,0
1111111,100100,0
10000000,000,111
10000000,111,000
11000000,000,111
11000000,100,111
11000000,111,000
11000000,111,100
10100000,000,111
10100000,100,111
10100000,111,000
10100000,111,100
10010000,000,111
10010000,111,000
11010000,100,111
11010000,111,100
10110000,100,111
10110000,111,100
10001000,000,111
10001000,111,000
11001000,100,111
11001000,111,100
10101000,100,111
10101000,111,100
10000100,000,111
10000100,111,000
11000100,100,111
11000100,111,100
10100100,100,111
10100100,111,100
11011011,000,111
11011011,100,111
11011011,111,000
11011011,111,100
10111011,000,111
10111011,100,111
10111011,111,000
10111011,111,100
10100111,100,111
10100111,111,100
11010111,000,111
11010111,100,111
11010111,111,000
11010111,111,100
10110111,000,111
10110111,100,111
10110111,111,000
10110111,111,100
11001111,000,111
11001111,100,111
11001111,111,000
11001111,111,100
10101111,000,111
10101111,100,111
10101111,111,000
10101111,111,100
10011111,000,111
10011111,111,000
11011111,000,111
11011111,100,111
11011111,111,000
11011111,111,100
10111111,000,111
10111111,100,111
10111111,111,000
10111111,111,100
10000000,0000,11
10000000,0100,11
10000000,1011,00
10000000,0111,00
10000000,1111,00
11000000,1111,00
10100000,1000,11
10100000,0100,11
10100000,1011,00
10100000,0111,00
10100000,1111,00
10010000,1000,11
10010000,0100,11
10010000,1011,00
10010000,0111,00
10010000,1111,00
10001000,0100,11
10001000,1011,00
10001000,0111,00
10001000,1111,00
10101000,0100,11
10011000,0100,11
10000100,0100,11
10000100,1011,00
10000100,0111,00
10000100,1111,00
10101011,0111,00
10111011,0000,11
10111011,1000,11
10111011,0100,11
10111011,0111,00
10100111,1000,11
10100111,1011,00
10010111,1000,11
10010111,1011,00
10110111,0000,11
10110111,1000,11
10110111,0100,11
10110111,0111,00
10101111,0000,11
10101111,1000,11
10101111,0100,11
10101111,1011,00
10101111,0111,00
11101111,1111,00
10011111,0000,11
10011111,1000,11
10011111,0100,11
10011111,1011,00
10011111,0111,00
11011111,1111,00
10111111,0000,11
10111111,1000,11
10111111,0100,11
10111111,0111,00
10111111,1111,00
10000000,11011,0
10000000,10111,0
10000000,11111,0
11000000,11011,0
11000000,10111,0
11000000,11111,0
10100000,11011,0
10100000,10111,0
10100000,11111,0
11100000,10000,0
11100000,11111,0
10010000,10000,0
10010000,11011,0
10010000,10111,0
10010000,11111,0
11010000,10000,0
11010000,11011,0
11010000,10111,0
11010000,11111,0
10110000,10000,0
10110000,11011,0
10110000,10111,0
10110000,11111,0
10001000,10000,0
10001000,11011,0
10001000,10111,0
10001000,11111,0
11001000,11011,0
11001000,10111,0
11001000,11111,0
10101000,11011,0
10101000,10111,0
10101000,11111,0
10011000,11011,0
10011000,10111,0
10011000,11111,0
11011000,10000,0
11011000,10111,0
10000100,11011,0
10000100,10111,0
10000100,11111,0
11000100,10000,0
11000100,11011,0
11000100,10111,0
11000100,11111,0
10100100,11011,0
10100100,10111,0
10100100,11111,0
10010100,11011,0
10010100,10111,0
10010100,11111,0
10101011,10000,0
11101011,10000,0
10011011,10000,0
11011011,10000,0
11011011,10111,0
10111011,10000,0
10111011,11011,0
11111011,10000,0
10100111,10000,0
10100111,10111,0
11100111,10000,0
10010111,10000,0
10010111,10111,0
11010111,10000,0
11010111,11011,0
11010111,10111,0
10110111,10000,0
10110111,11011,0
10110111,10111,0
11110111,10000,0
11110111,11111,0
10001111,10000,0
10001111,11011,0
10001111,10111,0
10001111,11111,0
11001111,10000,0
11001111,11011,0
11001111,10111,0
10101111,10000,0
10101111,11011,0
10101111,10111,0
11101111,10000,0
11101111,11111,0
10011111,10000,0
11011111,10000,0
11011111,10111,0
11011111,11111,0
10111111,10000,0
10111111,11011,0
10111111,11111,0
11111111,10000,0
100000000,000,11
100000000,111,00
110000000,111,00
101000000,000,11
101000000,100,11
101000000,111,00
100100000,000,11
100100000,111,00
110100000,111,00
101100000,111,00
100010000,000,11
100010000,111,00
110010000,111,00
101010000,100,11
101010000,111,00
100110000,111,00
101110000,000,11
100001000,000,11
100001000,111,00
110001000,111,00
101001000,100,11
101001000,111,00
100101000,111,00
100011000,111,00
100000100,000,11
100000100,111,00
110000100,111,00
101000100,100,11
101000100,111,00
100100100,111,00
100010100,111,00
101101011,000,11
101101011,100,11
101011011,000,11
101011011,100,11
100111011,000,11
110111011,111,00
101111011,000,11
101111011,100,11
101111011,111,00
101100111,000,11
101100111,100,11
101010111,000,11
101010111,100,11
100110111,000,11
110110111,111,00
101110111,000,11
101110111,100,11
101110111,111,00
101001111,000,11
100101111,000,11
110101111,111,00
101101111,000,11
101101111,100,11
101101111,111,00
100011111,000,11
110011111,111,00
101011111,000,11
101011111,100,11
101011111,111,00
100111111,000,11
100111111,111,00
110111111,111,00
101111111,000,11
101111111,100,11
101111111,111,00
100000000,1011,0
100000000,1111,0
110000000,1111,0
101000000,1011,0
101000000,1111,0
111000000,1111,0
100100000,1000,0
100100000,1011,0
100100000,1111,0
110100000,1111,0
101100000,1111,0
100010000,1011,0
100010000,1111,0
110010000,1000,0
110010000,1111,0
101010000,1011,0
101010000,1111,0
100110000,1011,0
100110000,1111,0
110110000,1000,0
101110000,1000,0
100001000,1011,0
100001000,1111,0
110001000,1000,0
110001000,1111,0
101001000,1000,0
101001000,1011,0
101001000,1111,0
100101000,1000,0
100101000,1011,0
100101000,1111,0
101101000,1000,0
100011000,1011,0
100011000,1111,0
101011000,1000,0
111011000,1000,0
100000100,1011,0
100000100,1111,0
110000100,1111,0
101000100,1011,0
101000100,1111,0
100100100,1000,0
100100100,1011,0
100100100,1111,0
100010100,1011,0
100010100,1111,0
110101011,1000,0
101101011,1000,0
111101011,1000,0
110011011,1000,0
101011011,1000,0
101011011,1011,0
111011011,1000,0
111011011,1111,0
100111011,1000,0
110111011,1000,0
110111011,1111,0
101111011,1000,0
101111011,1111,0
111111011,1000,0
100100111,1011,0
100100111,1111,0
110100111,1000,0
101100111,1000,0
111100111,1000,0
110010111,1000,0
101010111,1000,0
101010111,1011,0
111010111,1000,0
111010111,1111,0
100110111,1000,0
110110111,1000,0
110110111,1111,0
101110111,1000,0
101110111,1111,0
111110111,1000,0
110001111,1000,0
101001111,1000,0
111001111,1000,0
111001111,1111,0
100101111,1000,0
110101111,1000,0
110101111,1111,0
101101111,1000,0
101101111,1111,0
111101111,1000,0
100011111,1111,0
110011111,1000,0
110011111,1111,0
101011111,1000,0
101011111,1011,0
101011111,1111,0
111011111,1000,0
111011111,1111,0
100111111,1000,0
110111111,1000,0
110111111,1111,0
101111111,1000,0
101111111,1111,0
111111111,1000,0
1000000000,00,11
1000000000,11,00
1010000000,00,11
1010000000,11,00
1001000000,00,11
1001000000,11,00
1000100000,00,11
1000100000,11,00
1010100000,00,11
1010100000,11,00
1001100000,00,11
1001100000,11,00
1000010000,00,11
1000010000,11,00
1010010000,00,11
1010010000,11,00
1001010000,00,11
1001010000,11,00
1000110000,00,11
1000110000,11,00
1000001000,00,11
1000001000,11,00
1010001000,00,11
1010001000,11,00
1001001000,00,11
1001001000,11,00
1000101000,00,11
1000101000,11,00
1000011000,00,11
1000011000,11,00
1011011000,00,11
1011011000,11,00
1000000100,00,11
1000000100,11,00
1010000100,00,11
1010000100,11,00
1001000100,00,11
1001000100,11,00
1000100100,00,11
1000100100,11,00
1000010100,00,11
1000010100,11,00
1011101011,00,11
1011101011,11,00
1011011011,00,11
1011011011,11,00
1010111011,00,11
1010111011,11,00
1001111011,00,11
1001111011,11,00
1011111011,00,11
1011111011,11,00
1000100111,00,11
1000100111,11,00
1011100111,00,11
1011100111,11,00
1011010111,00,11
1011010111,11,00
1010110111,00,11
1010110111,11,00
1001110111,00,11
1001110111,11,00
1011110111,00,11
1011110111,11,00
1011001111,00,11
1011001111,11,00
1010101111,00,11
1010101111,11,00
1001101111,00,11
1001101111,11,00
1011101111,00,11
1011101111,11,00
1010011111,00,11
1010011111,11,00
1001011111,00,11
1001011111,11,00
1011011111,00,11
1011011111,11,00
1010111111,00,11
1010111111,11,00
1001111111,00,11
1001111111,11,00
1011111111,00,11
1011111111,11,00
1000000000,111,0
1100000000,111,0
1010000000,111,0
1001000000,111,0
1101000000,111,0
1011000000,111,0
1000100000,111,0
1100100000,111,0
1010100000,111,0
1001100000,111,0
1000010000,111,0
1100010000,111,0
1010010000,111,0
1001010000,111,0
1101010000,111,0
1011010000,111,0
1000110000,111,0
1100110000,111,0
1010110000,111,0
1001110000,111,0
1101110000,111,0
1000001000,111,0
1100001000,111,0
1010001000,111,0
1001001000,111,0
1101001000,111,0
1011001000,111,0
1000101000,111,0
1100101000,111,0
1010101000,111,0
1001101000,111,0
1000011000,111,0
1100011000,111,0
1010011000,111,0
1001011000,111,0
1000000100,111,0
1100000100,111,0
1010000100,111,0
1001000100,111,0
1101000100,111,0
1011000100,111,0
1000100100,111,0
1100100100,111,0
1010100100,111,0
1001100100,111,0
1000010100,111,0
1100010100,111,0
1010010100,111,0
1001010100,111,0
1101101011,111,0
1011101011,111,0
1101011011,111,0
1011011011,111,0
1100111011,111,0
1010111011,111,0
1101111011,111,0
1011111011,111,0
1000100111,111,0
1101100111,111,0
1011100111,111,0
1101010111,111,0
1011010111,111,0
1000110111,111,0
1100110111,111,0
1010110111,111,0
1001110111,111,0
1101110111,111,0
1011110111,111,0
1010001111,111,0
1001001111,111,0
1101001111,111,0
1011001111,111,0
1000101111,111,0
1100101111,111,0
1010101111,111,0
1001101111,111,0
1101101111,111,0
1011101111,111,0
1000011111,111,0
1101011111,111,0
1011011111,111,0
1100111111,111,0
1010111111,111,0
1101111111,111,0
1011111111,111,0
10000000000,11,0
10100000000,11,0
10010000000,11,0
10001000000,11,0
10101000000,11,0
10011000000,11,0
10000100000,11,0
10100100000,11,0
10010100000,11,0
10001100000,11,0
10000010000,11,0
10100010000,11,0
10010010000,11,0
10110010000,11,0
10001010000,11,0
10101010000,11,0
10011010000,11,0
10000110000,11,0
10100110000,11,0
10010110000,11,0
10001110000,11,0
10000001000,11,0
10100001000,11,0
10010001000,11,0
10001001000,11,0
10101001000,11,0
10011001000,11,0
10111001000,11,0
10000101000,11,0
10100101000,11,0
10010101000,11,0
10001101000,11,0
10000011000,11,0
10100011000,11,0
10010011000,11,0
10001011000,11,0
10111011000,11,0
10000000100,11,0
10100000100,11,0
10010000100,11,0
10001000100,11,0
10101000100,11,0
10011000100,11,0
10000100100,11,0
10100100100,11,0
10010100100,11,0
10001100100,11,0
10000010100,11,0
10100010100,11,0
10010010100,11,0
10001010100,11,0
10110101011,11,0
10101101011,11,0
10111101011,11,0
10110011011,11,0
10101011011,11,0
10011011011,11,0
10111011011,11,0
10110111011,11,0
10101111011,11,0
10111111011,11,0
10000100111,11,0
10100100111,11,0
10010100111,11,0
10110100111,11,0
10101100111,11,0
10111100111,11,0
10010010111,11,0
10110010111,11,0
10101010111,11,0
10011010111,11,0
10111010111,11,0
10100110111,11,0
10010110111,11,0
10110110111,11,0
10001110111,11,0
10101110111,11,0
10111110111,11,0
10010001111,11,0
10001001111,11,0
10111001111,11,0
10110101111,11,0
10001101111,11,0
10101101111,11,0
10111101111,11,0
10110011111,11,0
10101011111,11,0
10011011111,11,0
10111011111,11,0
10110111111,11,0
10101111111,11,0
10111111111,11,0
