10000,11,0
10111,11,0
10000,00,11
10000,11,00
10111,00,11
10111,11,00
10000,111,0
10000,111,00
10111,000,11
10111,100,11
11000,100,111
11000,111,100
10000,1011,0
10000,1111,0
11011,1000,0
10111,1000,0
11111,1000,0
10000,0100,11
10000,1011,00
10000,0111,00
10000,1111,00
10111,0000,11
10111,1000,11
10111,0100,11
10111,0111,00
10000,0100,111
11000,1000,111
11000,1111,100
10111,0111,000
10000,0100,1011
10000,0100,0111
10000,0100,1111
10000,1011,0100
10000,1011,0111
10000,0111,0100
10000,0111,1011
10000,1111,0100
11000,1000,1111
11000,1111,1000
11011,1000,0100
11011,0100,1000
10111,0000,0111
10111,1000,0100
10111,1000,0111
10111,0100,1000
10111,0100,0111
10111,0111,0000
10111,0111,1000
10111,0111,0100
11111,1000,0100
11111,0100,1000
10000,11011,0
10000,10111,0
10000,11111,0
11011,10000,0
11011,10111,0
10111,10000,0
10111,11011,0
11111,10000,0
10000,01000,11
10000,00100,11
10000,11011,00
10000,10111,00
10000,10111,11
10000,01111,00
10000,01111,11
10000,11111,00
10100,10111,11
11011,10000,00
11011,01000,00
11011,10111,00
11011,01111,00
10111,00000,11
10111,10000,00
10111,10000,11
10111,01000,00
10111,01000,11
10111,00100,11
10111,10100,11
10111,11011,00
10111,01111,00
11111,10000,00
11111,01000,00
10000,01000,111
10000,11000,111
10000,00100,111
11000,10000,111
11000,10100,111
11000,11011,100
11000,10111,100
11000,11111,100
10100,11000,111
11011,11000,100
11011,10111,000
11011,10111,100
11011,01111,000
10111,11000,100
10111,11011,000
10111,11011,100
10111,01111,000
11111,11000,100
10000,01000,1011
10000,01000,0111
10000,01000,1111
10000,11000,1111
10000,00100,1011
10000,00100,0111
10000,00100,1111
10000,11011,0100
10000,10111,0100
10000,10111,0111
10000,01111,0100
10000,01111,1011
10000,11111,0100
11000,10000,1111
11000,10100,1111
11000,11011,1000
11000,10111,1000
11000,11111,1000
10100,11000,1111
11011,10000,0100
11011,01000,1000
11011,11000,1000
11011,10111,0000
11011,10111,1000
11011,10111,0100
11011,01111,0000
11011,01111,1000
11011,01111,0100
10111,00000,0111
10111,10000,0100
10111,10000,0111
10111,01000,1000
10111,01000,0111
10111,11000,1000
10111,00100,0111
10111,11011,0000
10111,11011,1000
10111,11011,0100
10111,01111,0000
10111,01111,1000
10111,01111,0100
11111,10000,0100
11111,01000,1000
11111,11000,1000
10000,01000,11011
10000,01000,10111
10000,01000,01111
10000,01000,11111
10000,11000,11011
10000,11000,10111
10000,11000,11111
10000,00100,11011
10000,00100,10111
10000,00100,01111
10000,00100,11111
10000,11011,01000
10000,11011,11000
10000,11011,00100
10000,11011,10111
10000,11011,01111
10000,10111,01000
10000,10111,11000
10000,10111,00100
10000,10111,11011
10000,10111,01111
10000,01111,01000
10000,01111,00100
10000,01111,11011
10000,01111,10111
10000,11111,01000
10000,11111,11000
10000,11111,00100
11000,10000,11011
11000,10000,10111
11000,10000,11111
11000,10100,11011
11000,10100,10111
11000,10100,11111
11000,11011,10000
11000,11011,10100
11000,11011,10111
11000,10111,10000
11000,10111,10100
11000,10111,11011
11000,11111,10000
11000,11111,10100
10100,11000,11011
10100,11000,10111
10100,11000,11111
10100,11011,11000
10100,11011,10111
10100,10111,11000
10100,10111,11011
10100,11111,11000
11011,00000,10111
11011,00000,01111
11011,10000,01000
11011,10000,11000
11011,10000,00100
11011,10000,10111
11011,10000,01111
11011,01000,10000
11011,01000,00100
11011,01000,10111
11011,01000,01111
11011,11000,10000
11011,11000,10100
11011,11000,10111
11011,00100,10000
11011,00100,01000
11011,00100,10111
11011,00100,01111
11011,10100,11000
11011,10100,10111
11011,10111,00000
11011,10111,10000
11011,10111,01000
11011,10111,11000
11011,10111,00100
11011,10111,10100
11011,01111,00000
11011,01111,10000
11011,01111,01000
11011,01111,00100
10111,00000,11011
10111,00000,01111
10111,10000,01000
10111,10000,11000
10111,10000,00100
10111,10000,11011
10111,10000,01111
10111,01000,10000
10111,01000,00100
10111,01000,11011
10111,01000,01111
10111,11000,10000
10111,11000,10100
10111,11000,11011
10111,00100,10000
10111,00100,01000
10111,00100,11011
10111,00100,01111
10111,10100,11000
10111,10100,11011
10111,11011,00000
10111,11011,10000
10111,11011,01000
10111,11011,11000
10111,11011,00100
10111,11011,10100
10111,01111,00000
10111,01111,10000
10111,01111,01000
10111,01111,00100
11111,10000,01000
11111,10000,11000
11111,10000,00100
11111,01000,10000
11111,01000,00100
11111,11000,10000
11111,11000,10100
11111,00100,10000
11111,00100,01000
11111,10100,11000
