8,0,7,0
8,0,7,1
8,0,7,2
8,0,7,3
8,0,7,4
8,0,7,5
8,0,7,7
8,0,7,8
8,0,7,9
8,0,7,10
8,0,7,11
8,0,7,12
8,0,7,14
8,0,7,15
8,0,7,16
8,0,7,17
8,0,7,18
8,0,7,19
8,1,7,0
8,1,7,1
8,1,7,5
8,1,7,6
8,1,7,9
8,1,7,15
8,1,7,17
8,1,7,19
8,1,7,20
8,1,7,22
8,1,7,28
8,1,7,32
8,2,7,0
8,2,7,2
8,2,7,7
8,2,7,9
8,2,7,10
8,2,7,11
8,2,7,16
8,2,7,17
8,2,7,19
8,3,7,0
8,3,7,3
8,3,7,11
8,3,7,13
8,3,7,14
8,3,7,17
8,3,7,20
8,3,7,22
8,3,7,28
8,3,7,32
8,4,7,0
8,4,7,4
8,4,7,7
8,4,7,11
8,4,7,15
8,4,7,16
8,4,7,17
8,4,7,18
8,4,7,19
8,5,7,0
8,5,7,1
8,5,7,5
8,5,7,14
8,5,7,19
8,5,7,20
8,5,7,22
8,5,7,28
8,5,7,32
8,6,7,1
8,6,7,6
8,6,7,7
8,6,7,11
8,6,7,17
8,6,7,19
8,6,7,20
8,6,7,22
8,7,7,0
8,7,7,4
8,7,7,7
8,7,7,8
8,7,7,12
8,7,7,14
8,7,7,18
8,7,7,20
8,7,7,21
8,7,7,22
8,7,7,23
8,7,7,24
8,7,7,27
8,7,7,28
8,7,7,29
8,7,7,30
8,7,7,32
8,7,7,34
8,7,7,36
8,8,7,0
8,8,7,3
8,8,7,5
8,8,7,7
8,8,7,8
8,8,7,9
8,8,7,10
8,8,7,11
8,8,7,12
8,8,7,15
8,8,7,16
8,8,7,17
8,8,7,18
8,8,7,19
8,9,7,0
8,9,7,1
8,9,7,2
8,9,7,9
8,9,7,14
8,9,7,17
8,9,7,19
8,9,7,20
8,9,7,22
8,9,7,28
8,9,7,32
8,10,7,0
8,10,7,2
8,10,7,7
8,10,7,10
8,10,7,11
8,10,7,14
8,10,7,17
8,10,7,19
8,11,7,0
8,11,7,3
8,11,7,4
8,11,7,8
8,11,7,11
8,11,7,12
8,11,7,14
8,11,7,18
8,11,7,20
8,11,7,22
8,11,7,28
8,11,7,32
8,11,7,36
8,12,7,0
8,12,7,7
8,12,7,11
8,12,7,12
8,12,7,14
8,12,7,17
8,12,7,19
8,13,7,3
8,13,7,13
8,13,7,20
8,13,7,22
8,13,7,28
8,13,7,32
8,14,7,3
8,14,7,7
8,14,7,11
8,14,7,17
8,14,7,19
8,14,7,20
8,14,7,22
8,15,7,0
8,15,7,3
8,15,7,5
8,15,7,7
8,15,7,9
8,15,7,10
8,15,7,11
8,15,7,12
8,15,7,14
8,15,7,15
8,15,7,16
8,15,7,17
8,15,7,18
8,15,7,19
8,16,7,0
8,16,7,1
8,16,7,4
8,16,7,14
8,16,7,15
8,16,7,17
8,16,7,19
8,16,7,20
8,16,7,22
8,16,7,28
8,16,7,32
8,17,7,0
8,17,7,2
8,17,7,4
8,17,7,7
8,17,7,11
8,17,7,14
8,17,7,16
8,17,7,17
8,17,7,19
8,18,7,0
8,18,7,1
8,18,7,3
8,18,7,4
8,18,7,8
8,18,7,12
8,18,7,14
8,18,7,15
8,18,7,17
8,18,7,18
8,18,7,20
8,18,7,22
8,18,7,28
8,18,7,32
8,18,7,36
8,19,7,0
8,19,7,4
8,19,7,7
8,19,7,11
8,19,7,14
8,19,7,17
8,19,7,18
8,19,7,19
8,20,7,0
8,20,7,1
8,20,7,4
8,20,7,5
8,20,7,8
8,20,7,12
8,20,7,14
8,20,7,15
8,20,7,18
8,20,7,19
8,20,7,20
8,20,7,22
8,20,7,28
8,20,7,32
8,20,7,36
8,21,7,1
8,21,7,5
8,21,7,6
8,21,7,7
8,21,7,11
8,21,7,15
8,21,7,17
8,21,7,19
8,21,7,20
8,21,7,22
8,22,7,0
8,22,7,3
8,22,7,5
8,22,7,7
8,22,7,9
8,22,7,10
8,22,7,11
8,22,7,12
8,22,7,14
8,22,7,15
8,22,7,16
8,22,7,17
8,22,7,18
8,22,7,19
8,23,7,0
8,23,7,1
8,23,7,4
8,23,7,6
8,23,7,8
8,23,7,12
8,23,7,14
8,23,7,15
8,23,7,17
8,23,7,18
8,23,7,19
8,23,7,20
8,23,7,22
8,23,7,28
8,23,7,32
8,23,7,36
8,24,7,1
8,24,7,6
8,24,7,7
8,24,7,11
8,24,7,15
8,24,7,17
8,24,7,19
8,24,7,20
8,25,7,7
8,25,7,20
8,25,7,21
8,25,7,22
8,25,7,23
8,25,7,24
8,25,7,25
8,25,7,28
8,25,7,31
8,25,7,32
8,25,7,39
8,26,7,0
8,26,7,1
8,26,7,2
8,26,7,3
8,26,7,4
8,26,7,5
8,26,7,7
8,26,7,8
8,26,7,9
8,26,7,10
8,26,7,11
8,26,7,12
8,26,7,14
8,26,7,15
8,26,7,16
8,26,7,17
8,26,7,18
8,26,7,19
8,27,7,0
8,27,7,1
8,27,7,5
8,27,7,6
8,27,7,8
8,27,7,9
8,27,7,14
8,27,7,15
8,27,7,17
8,27,7,19
8,27,7,20
8,27,7,22
8,27,7,28
8,27,7,32
8,28,7,0
8,28,7,2
8,28,7,7
8,28,7,8
8,28,7,9
8,28,7,10
8,28,7,11
8,28,7,14
8,28,7,16
8,28,7,17
8,28,7,19
8,29,7,0
8,29,7,2
8,29,7,3
8,29,7,4
8,29,7,8
8,29,7,11
8,29,7,12
8,29,7,13
8,29,7,14
8,29,7,16
8,29,7,17
8,29,7,18
8,29,7,20
8,29,7,22
8,29,7,26
8,29,7,28
8,29,7,32
8,29,7,36
8,30,7,0
8,30,7,4
8,30,7,7
8,30,7,8
8,30,7,11
8,30,7,14
8,30,7,15
8,30,7,16
8,30,7,17
8,30,7,18
8,30,7,19
8,31,7,0
8,31,7,1
8,31,7,2
8,31,7,4
8,31,7,5
8,31,7,8
8,31,7,9
8,31,7,12
8,31,7,14
8,31,7,15
8,31,7,16
8,31,7,18
8,31,7,19
8,31,7,20
8,31,7,22
8,31,7,26
8,31,7,28
8,31,7,32
8,31,7,36
8,32,7,0
8,32,7,1
8,32,7,4
8,32,7,6
8,32,7,7
8,32,7,8
8,32,7,9
8,32,7,11
8,32,7,12
8,32,7,14
8,32,7,15
8,32,7,17
8,32,7,18
8,32,7,19
8,32,7,20
8,32,7,22
8,32,7,28
8,32,7,32
8,32,7,36
8,33,7,0
8,33,7,3
8,33,7,5
8,33,7,7
8,33,7,8
8,33,7,9
8,33,7,10
8,33,7,11
8,33,7,12
8,33,7,14
8,33,7,15
8,33,7,16
8,33,7,17
8,33,7,18
8,33,7,19
8,34,7,0
8,34,7,1
8,34,7,2
8,34,7,4
8,34,7,8
8,34,7,9
8,34,7,10
8,34,7,12
8,34,7,14
8,34,7,15
8,34,7,16
8,34,7,17
8,34,7,18
8,34,7,19
8,34,7,20
8,34,7,22
8,34,7,26
8,34,7,28
8,34,7,32
8,34,7,36
8,35,7,0
8,35,7,2
8,35,7,4
8,35,7,7
8,35,7,8
8,35,7,10
8,35,7,11
8,35,7,12
8,35,7,14
8,35,7,16
8,35,7,17
8,35,7,18
8,35,7,19
8,35,7,22
8,35,7,26
8,35,7,28
8,35,7,32
8,35,7,36
8,36,7,3
8,36,7,7
8,36,7,11
8,36,7,13
8,36,7,17
8,36,7,20
8,36,7,21
8,36,7,22
8,36,7,23
8,36,7,25
8,36,7,27
8,36,7,28
8,36,7,29
8,36,7,31
8,36,7,32
8,36,7,35
8,36,7,37
8,36,7,39
8,37,7,3
8,37,7,7
8,37,7,11
8,37,7,13
8,37,7,17
8,37,7,19
8,37,7,20
8,37,7,21
8,37,7,22
8,37,7,23
8,37,7,24
8,37,7,25
8,37,7,27
8,37,7,29
8,37,7,30
8,37,7,31
8,37,7,35
8,37,7,37
8,37,7,38
8,37,7,39
8,38,7,20
8,38,7,21
8,38,7,22
8,38,7,23
8,38,7,24
8,38,7,25
8,38,7,27
8,38,7,28
8,38,7,29
8,38,7,30
8,38,7,31
8,38,7,32
8,38,7,34
8,38,7,36
8,38,7,39
8,39,7,3
8,39,7,7
8,39,7,11
8,39,7,17
8,39,7,19
8,39,7,20
8,39,7,21
8,39,7,22
8,39,7,24
8,39,7,25
8,39,7,27
8,39,7,28
8,39,7,30
8,39,7,31
8,39,7,32
8,39,7,33
8,39,7,35
8,39,7,38
8,39,7,39
8,40,7,3
8,40,7,7
8,40,7,11
8,40,7,13
8,40,7,17
8,40,7,19
8,40,7,20
8,40,7,21
8,40,7,23
8,40,7,24
8,40,7,25
8,40,7,27
8,40,7,30
8,40,7,31
8,40,7,34
8,40,7,35
8,40,7,37
8,40,7,38
8,40,7,39
8,41,7,20
8,41,7,21
8,41,7,22
8,41,7,23
8,41,7,24
8,41,7,25
8,41,7,28
8,41,7,31
8,41,7,32
8,41,7,35
8,41,7,39
8,42,7,3
8,42,7,7
8,42,7,11
8,42,7,13
8,42,7,17
8,42,7,19
8,42,7,21
8,42,7,22
8,42,7,23
8,42,7,25
8,42,7,26
8,42,7,27
8,42,7,28
8,42,7,31
8,42,7,35
8,42,7,36
8,42,7,37
8,42,7,39
8,43,7,20
8,43,7,22
8,43,7,23
8,43,7,25
8,43,7,28
8,43,7,29
8,43,7,30
8,43,7,31
8,43,7,32
8,43,7,37
8,43,7,39
8,44,7,7
8,44,7,11
8,44,7,17
8,44,7,19
8,44,7,20
8,44,7,22
8,44,7,24
8,44,7,25
8,44,7,30
8,44,7,31
8,44,7,33
8,44,7,34
8,44,7,38
8,44,7,39
8,45,7,20
8,45,7,21
8,45,7,22
8,45,7,23
8,45,7,24
8,45,7,25
8,45,7,27
8,45,7,28
8,45,7,29
8,45,7,30
8,45,7,31
8,45,7,32
8,45,7,34
8,45,7,35
8,45,7,36
8,45,7,37
8,45,7,38
8,45,7,39
8,46,7,0
8,46,7,7
8,46,7,8
8,46,7,11
8,46,7,14
8,46,7,15
8,46,7,16
8,46,7,17
8,46,7,18
8,46,7,19
8,46,7,32
8,47,7,19
8,47,7,20
8,47,7,22
8,47,7,24
8,47,7,28
8,47,7,32
8,47,7,33
8,47,7,38
8,48,7,3
8,48,7,7
8,48,7,11
8,48,7,17
8,48,7,19
8,48,7,20
8,48,7,21
8,48,7,22
8,48,7,24
8,48,7,25
8,48,7,27
8,48,7,31
8,48,7,33
8,48,7,35
8,48,7,38
8,48,7,39
8,49,7,20
8,49,7,21
8,49,7,22
8,49,7,23
8,49,7,24
8,49,7,25
8,49,7,27
8,49,7,28
8,49,7,29
8,49,7,30
8,49,7,32
8,49,7,34
8,49,7,36
8,49,7,39
8,50,7,17
8,50,7,19
8,50,7,20
8,50,7,22
8,50,7,24
8,50,7,28
8,50,7,32
8,50,7,33
8,50,7,34
8,50,7,38
8,51,7,3
8,51,7,7
8,51,7,11
8,51,7,17
8,51,7,19
8,51,7,20
8,51,7,21
8,51,7,24
8,51,7,25
8,51,7,27
8,51,7,31
8,51,7,34
8,51,7,35
8,51,7,38
8,51,7,39
8,52,7,20
8,52,7,21
8,52,7,22
8,52,7,25
8,52,7,28
8,52,7,32
8,52,7,35
8,52,7,39
8,53,7,3
8,53,7,7
8,53,7,11
8,53,7,17
8,53,7,19
8,53,7,21
8,53,7,22
8,53,7,24
8,53,7,25
8,53,7,27
8,53,7,31
8,53,7,35
8,53,7,36
8,53,7,38
8,53,7,39
8,54,7,20
8,54,7,22
8,54,7,23
8,54,7,25
8,54,7,28
8,54,7,32
8,54,7,35
8,54,7,37
8,54,7,39
8,55,7,7
8,55,7,11
8,55,7,17
8,55,7,19
8,55,7,20
8,55,7,22
8,55,7,24
8,55,7,25
8,55,7,35
8,55,7,38
8,55,7,39
8,56,7,20
8,56,7,21
8,56,7,22
8,56,7,23
8,56,7,24
8,56,7,25
8,56,7,27
8,56,7,28
8,56,7,29
8,56,7,30
8,56,7,32
8,56,7,34
8,56,7,36
8,56,7,39
8,57,7,17
8,57,7,19
8,57,7,20
8,57,7,22
8,57,7,28
8,57,7,32
8,57,7,36
8,58,7,7
8,58,7,11
8,58,7,17
8,58,7,19
8,58,7,26
8,58,7,36
8,59,7,20
8,59,7,22
8,59,7,25
8,59,7,27
8,59,7,28
8,59,7,32
8,59,7,39
8,60,7,3
8,60,7,7
8,60,7,11
8,60,7,17
8,60,7,19
8,60,7,21
8,60,7,25
8,60,7,27
8,60,7,28
8,60,7,31
8,60,7,35
8,60,7,36
8,60,7,39
8,61,7,20
8,61,7,22
8,61,7,25
8,61,7,28
8,61,7,29
8,61,7,32
8,61,7,37
8,61,7,39
8,62,7,7
8,62,7,11
8,62,7,17
8,62,7,19
8,62,7,20
8,62,7,22
8,62,7,25
8,62,7,30
8,62,7,37
8,62,7,38
8,62,7,39
8,63,7,20
8,63,7,21
8,63,7,22
8,63,7,23
8,63,7,24
8,63,7,27
8,63,7,28
8,63,7,29
8,63,7,30
8,63,7,31
8,63,7,32
8,63,7,34
8,63,7,36
8,63,7,39
8,64,7,3
8,64,7,5
8,64,7,7
8,64,7,9
8,64,7,10
8,64,7,11
8,64,7,12
8,64,7,15
8,64,7,16
8,64,7,17
8,64,7,18
8,64,7,19
8,64,7,21
8,64,7,25
8,64,7,27
8,64,7,31
8,64,7,32
8,64,7,35
8,64,7,39
8,65,7,17
8,65,7,19
8,65,7,20
8,65,7,22
8,65,7,28
8,65,7,32
8,65,7,33
8,65,7,38
8,66,7,7
8,66,7,11
8,66,7,17
8,66,7,19
8,66,7,20
8,66,7,25
8,66,7,34
8,66,7,38
8,66,7,39
8,67,7,20
8,67,7,21
8,67,7,22
8,67,7,23
8,67,7,24
8,67,7,28
8,67,7,32
8,67,7,35
8,67,7,39
8,68,7,7
8,68,7,11
8,68,7,17
8,68,7,19
8,68,7,22
8,68,7,25
8,68,7,26
8,68,7,28
8,68,7,36
8,68,7,39
8,69,7,20
8,69,7,22
8,69,7,23
8,69,7,28
8,69,7,29
8,69,7,30
8,69,7,32
8,69,7,37
8,69,7,39
8,70,7,7
8,70,7,11
8,70,7,17
8,70,7,19
8,70,7,20
8,70,7,22
8,70,7,24
8,70,7,30
8,70,7,33
8,70,7,34
8,70,7,38
8,70,7,39
8,71,7,20
8,71,7,21
8,71,7,22
8,71,7,23
8,71,7,24
8,71,7,25
8,71,7,27
8,71,7,28
8,71,7,29
8,71,7,30
8,71,7,31
8,71,7,32
8,71,7,34
8,71,7,35
8,71,7,36
8,71,7,37
8,71,7,38
8,71,7,39
9,0,6,0
9,0,6,1
9,0,6,2
9,0,6,3
9,0,6,4
9,0,6,5
9,0,6,7
9,0,6,8
9,0,6,9
9,1,6,1
9,1,6,5
9,1,6,6
9,1,6,8
9,2,6,2
9,2,6,8
9,2,6,9
9,3,6,0
9,3,6,3
9,3,6,10
9,3,6,11
9,3,6,14
9,3,6,16
9,4,6,3
9,4,6,4
9,4,6,5
9,4,6,8
9,4,6,9
9,5,6,0
9,5,6,5
9,6,6,6
9,7,6,0
9,7,6,7
9,7,6,10
9,7,6,11
9,7,6,14
9,7,6,16
9,8,6,3
9,8,6,5
9,8,6,7
9,8,6,8
9,8,6,9
9,9,6,0
9,9,6,8
9,10,6,0
9,10,6,9
9,11,6,0
9,11,6,7
9,11,6,10
9,11,6,11
9,11,6,14
9,11,6,16
9,12,6,0
9,12,6,3
9,12,6,5
9,12,6,8
9,12,6,9
9,13,6,10
9,13,6,11
9,14,6,11
9,14,6,13
9,14,6,14
9,15,6,0
9,15,6,2
9,15,6,4
9,15,6,6
9,15,6,7
9,15,6,9
9,15,6,10
9,15,6,11
9,15,6,12
9,15,6,14
9,15,6,15
9,15,6,16
9,15,6,17
9,15,6,18
9,16,6,1
9,16,6,2
9,16,6,3
9,16,6,4
9,16,6,5
9,16,6,7
9,16,6,8
9,16,6,9
9,17,6,0
9,17,6,5
9,17,6,6
9,17,6,8
9,18,6,0
9,18,6,8
9,18,6,9
9,19,6,0
9,19,6,1
9,19,6,7
9,19,6,10
9,19,6,11
9,19,6,14
9,19,6,16
9,20,6,0
9,20,6,3
9,20,6,5
9,20,6,8
9,20,6,9
9,21,6,0
9,21,6,1
9,21,6,7
9,22,6,1
9,23,6,0
9,23,6,2
9,23,6,4
9,23,6,6
9,23,6,7
9,23,6,9
9,23,6,10
9,23,6,11
9,23,6,14
9,23,6,16
9,23,6,18
9,24,6,0
9,24,6,3
9,24,6,5
9,24,6,8
9,24,6,9
9,25,6,0
9,25,6,1
9,25,6,7
9,26,6,1
9,27,6,10
9,27,6,11
9,27,6,14
9,27,6,16
9,28,6,1
9,28,6,3
9,28,6,5
9,28,6,8
9,28,6,9
9,29,6,10
9,29,6,11
9,30,6,1
9,30,6,2
9,30,6,3
9,30,6,4
9,30,6,5
9,30,6,7
9,30,6,8
9,30,6,9
9,31,6,0
9,31,6,5
9,31,6,6
9,31,6,8
9,32,6,0
9,32,6,8
9,32,6,9
9,33,6,0
9,33,6,2
9,33,6,7
9,33,6,10
9,33,6,11
9,33,6,14
9,33,6,16
9,34,6,0
9,34,6,3
9,34,6,5
9,34,6,8
9,34,6,9
9,35,6,0
9,35,6,1
9,35,6,2
9,35,6,7
9,36,6,0
9,36,6,1
9,36,6,7
9,37,6,0
9,37,6,2
9,37,6,4
9,37,6,6
9,37,6,7
9,37,6,9
9,37,6,10
9,37,6,11
9,37,6,14
9,37,6,16
9,37,6,18
9,38,6,0
9,38,6,3
9,38,6,5
9,38,6,8
9,38,6,9
9,39,6,0
9,39,6,1
9,39,6,2
9,39,6,7
9,40,6,0
9,40,6,2
9,40,6,7
9,41,6,0
9,41,6,2
9,41,6,3
9,41,6,4
9,41,6,6
9,41,6,7
9,41,6,9
9,41,6,10
9,41,6,11
9,41,6,14
9,41,6,16
9,41,6,18
9,42,6,0
9,42,6,2
9,42,6,3
9,42,6,5
9,42,6,7
9,42,6,8
9,42,6,9
9,43,6,3
9,43,6,10
9,43,6,11
9,44,6,0
9,44,6,1
9,44,6,2
9,44,6,3
9,44,6,4
9,44,6,5
9,44,6,7
9,44,6,8
9,44,6,9
9,45,6,0
9,45,6,1
9,45,6,5
9,45,6,6
9,45,6,7
9,45,6,8
9,46,6,0
9,46,6,2
9,46,6,7
9,46,6,8
9,46,6,9
9,47,6,0
9,47,6,2
9,47,6,3
9,47,6,4
9,47,6,6
9,47,6,7
9,47,6,9
9,47,6,10
9,47,6,11
9,47,6,14
9,47,6,16
9,47,6,18
9,48,6,0
9,48,6,3
9,48,6,5
9,48,6,7
9,48,6,8
9,48,6,9
9,49,6,3
9,49,6,10
9,50,6,3
9,50,6,11
9,50,6,12
9,50,6,15
9,50,6,18
9,50,6,19
9,51,6,10
9,51,6,11
9,51,6,12
9,51,6,14
9,51,6,16
9,51,6,19
9,52,6,0
9,52,6,1
9,52,6,2
9,52,6,3
9,52,6,4
9,52,6,5
9,52,6,7
9,52,6,8
9,52,6,9
9,53,6,0
9,53,6,1
9,53,6,5
9,53,6,6
9,53,6,8
9,54,6,0
9,54,6,2
9,54,6,8
9,54,6,9
9,55,6,0
9,55,6,3
9,55,6,4
9,55,6,7
9,55,6,10
9,55,6,11
9,55,6,14
9,55,6,16
9,56,6,0
9,56,6,3
9,56,6,4
9,56,6,5
9,56,6,8
9,56,6,9
9,57,6,0
9,57,6,1
9,57,6,4
9,57,6,5
9,57,6,7
9,58,6,1
9,58,6,6
9,59,6,0
9,59,6,1
9,59,6,2
9,59,6,4
9,59,6,6
9,59,6,7
9,59,6,8
9,59,6,9
9,59,6,10
9,59,6,11
9,59,6,13
9,59,6,14
9,59,6,16
9,59,6,18
9,60,6,0
9,60,6,3
9,60,6,5
9,60,6,7
9,60,6,8
9,60,6,9
9,61,6,0
9,61,6,1
9,61,6,2
9,61,6,4
9,61,6,7
9,61,6,8
9,62,6,0
9,62,6,2
9,62,6,4
9,62,6,7
9,62,6,9
9,63,6,0
9,63,6,1
9,63,6,2
9,63,6,3
9,63,6,4
9,63,6,6
9,63,6,7
9,63,6,8
9,63,6,9
9,63,6,10
9,63,6,11
9,63,6,13
9,63,6,14
9,63,6,16
9,63,6,18
9,64,6,0
9,64,6,3
9,64,6,4
9,64,6,5
9,64,6,7
9,64,6,8
9,64,6,9
9,65,6,0
9,65,6,2
9,65,6,3
9,65,6,4
9,65,6,6
9,65,6,7
9,65,6,9
9,65,6,10
9,65,6,11
9,65,6,14
9,65,6,16
9,65,6,18
9,66,6,0
9,66,6,1
9,66,6,2
9,66,6,3
9,66,6,4
9,66,6,5
9,66,6,7
9,66,6,8
9,66,6,9
9,67,6,0
9,67,6,1
9,67,6,4
9,67,6,5
9,67,6,6
9,67,6,7
9,67,6,8
9,68,6,0
9,68,6,2
9,68,6,4
9,68,6,7
9,68,6,8
9,68,6,9
9,69,6,0
9,69,6,1
9,69,6,2
9,69,6,3
9,69,6,4
9,69,6,5
9,69,6,6
9,69,6,7
9,69,6,8
9,69,6,9
9,69,6,10
9,69,6,11
9,69,6,13
9,69,6,14
9,69,6,16
9,69,6,18
9,70,6,0
9,70,6,3
9,70,6,4
9,70,6,5
9,70,6,7
9,70,6,8
9,70,6,9
9,71,6,0
9,71,6,1
9,71,6,2
9,71,6,4
9,71,6,5
9,71,6,6
9,71,6,7
9,71,6,8
9,71,6,9
9,71,6,11
9,71,6,13
9,71,6,14
9,71,6,16
9,71,6,18
9,72,6,1
9,72,6,3
9,72,6,5
9,72,6,6
9,72,6,8
9,72,6,10
9,72,6,11
9,72,6,12
9,72,6,13
9,72,6,14
9,72,6,15
9,72,6,17
9,72,6,18
9,72,6,19
9,73,6,10
9,73,6,11
9,73,6,12
9,73,6,14
9,73,6,15
9,73,6,16
9,73,6,19
9,74,6,1
9,74,6,3
9,74,6,5
9,74,6,6
9,74,6,8
9,74,6,9
9,74,6,10
9,74,6,11
9,74,6,12
9,74,6,13
9,74,6,14
9,74,6,15
9,74,6,16
9,74,6,17
9,74,6,18
9,74,6,19
9,75,6,10
9,75,6,11
9,75,6,12
9,75,6,15
9,75,6,17
9,75,6,19
9,76,6,11
9,76,6,12
9,76,6,13
9,76,6,14
9,76,6,15
9,76,6,18
9,76,6,19
9,77,6,10
9,77,6,11
9,77,6,12
9,77,6,14
9,77,6,15
9,77,6,16
9,77,6,17
9,77,6,18
9,77,6,19
9,78,6,1
9,78,6,3
9,78,6,5
9,78,6,8
9,78,6,9
9,78,6,10
9,78,6,12
9,78,6,13
9,78,6,15
9,78,6,16
9,78,6,17
9,78,6,19
9,79,6,10
9,79,6,11
9,79,6,12
9,79,6,14
9,79,6,15
9,79,6,16
9,79,6,19
9,80,6,1
9,80,6,3
9,80,6,5
9,80,6,6
9,80,6,8
9,80,6,9
9,80,6,10
9,80,6,11
9,80,6,12
9,80,6,13
9,80,6,15
9,80,6,16
9,80,6,17
9,80,6,18
9,80,6,19
9,81,6,10
9,81,6,12
9,81,6,15
9,81,6,17
9,81,6,19
9,82,6,11
9,82,6,12
9,82,6,15
9,82,6,17
9,82,6,18
9,82,6,19
9,83,6,10
9,83,6,11
9,83,6,12
9,83,6,14
9,83,6,16
9,83,6,19
9,84,6,1
9,84,6,3
9,84,6,5
9,84,6,6
9,84,6,8
9,84,6,9
9,84,6,10
9,84,6,11
9,84,6,12
9,84,6,13
9,84,6,15
9,84,6,17
9,84,6,18
9,84,6,19
9,85,6,13
9,85,6,18
9,86,6,12
9,86,6,14
9,86,6,15
9,86,6,18
9,86,6,19
9,87,6,10
9,87,6,11
9,87,6,14
9,87,6,15
9,87,6,16
9,87,6,19
9,88,6,3
9,88,6,5
9,88,6,8
9,88,6,9
9,88,6,12
9,88,6,15
9,88,6,16
9,88,6,19
9,89,6,10
9,89,6,11
9,89,6,17
9,89,6,19
9,90,6,11
9,90,6,13
9,90,6,14
9,90,6,18
9,90,6,19
9,91,6,10
9,91,6,11
9,91,6,12
9,91,6,14
9,91,6,15
9,91,6,16
9,91,6,17
9,91,6,18
9,91,6,19
9,92,6,0
9,92,6,3
9,92,6,5
9,92,6,7
9,92,6,8
9,92,6,9
9,93,6,0
9,93,6,1
9,93,6,4
9,93,6,7
9,93,6,8
9,93,6,16
9,94,6,9
9,94,6,16
9,95,6,10
9,95,6,11
9,95,6,12
9,95,6,14
9,95,6,16
9,95,6,19
9,96,6,1
9,96,6,3
9,96,6,5
9,96,6,8
9,96,6,9
9,96,6,10
9,96,6,12
9,96,6,13
9,96,6,15
9,96,6,16
9,96,6,17
9,96,6,19
9,97,6,10
9,97,6,11
9,97,6,12
9,97,6,17
9,97,6,19
9,98,6,11
9,98,6,12
9,98,6,13
9,98,6,14
9,98,6,18
9,98,6,19
9,99,6,10
9,99,6,11
9,99,6,12
9,99,6,14
9,99,6,15
9,99,6,16
9,99,6,17
9,99,6,18
9,99,6,19
9,100,6,8
9,100,6,9
9,100,6,16
9,101,6,10
9,101,6,11
9,101,6,12
9,101,6,14
9,101,6,16
9,101,6,17
9,101,6,19
9,102,6,1
9,102,6,3
9,102,6,5
9,102,6,8
9,102,6,9
9,102,6,10
9,102,6,12
9,102,6,13
9,102,6,15
9,102,6,16
9,102,6,17
9,102,6,19
9,103,6,12
9,103,6,17
9,103,6,19
9,104,6,12
9,104,6,17
9,104,6,18
9,104,6,19
9,105,6,10
9,105,6,11
9,105,6,14
9,105,6,16
9,105,6,19
9,106,6,1
9,106,6,3
9,106,6,5
9,106,6,8
9,106,6,9
9,106,6,10
9,106,6,12
9,106,6,13
9,106,6,15
9,106,6,17
9,106,6,19
9,107,6,12
9,107,6,18
9,107,6,19
9,108,6,12
9,108,6,17
9,108,6,18
9,108,6,19
9,109,6,10
9,109,6,11
9,109,6,14
9,109,6,16
9,109,6,19
9,110,6,3
9,110,6,5
9,110,6,8
9,110,6,9
9,110,6,12
9,110,6,17
9,110,6,19
9,111,6,10
9,111,6,11
9,111,6,19
9,112,6,11
9,112,6,13
9,112,6,14
9,112,6,19
9,113,6,10
9,113,6,11
9,113,6,12
9,113,6,14
9,113,6,15
9,113,6,16
9,113,6,17
9,113,6,18
9,114,6,8
9,114,6,9
9,115,6,10
9,115,6,11
9,115,6,14
9,115,6,16
9,115,6,18
9,116,6,3
9,116,6,5
9,116,6,8
9,116,6,9
9,117,6,18
9,118,6,12
9,118,6,18
9,118,6,19
9,119,6,10
9,119,6,11
9,119,6,14
9,119,6,16
9,119,6,19
9,120,6,1
9,120,6,3
9,120,6,5
9,120,6,8
9,120,6,9
9,120,6,10
9,120,6,12
9,120,6,13
9,120,6,15
9,120,6,17
9,120,6,19
9,121,6,18
9,122,6,12
9,122,6,18
9,122,6,19
9,123,6,10
9,123,6,11
9,123,6,14
9,123,6,16
9,123,6,19
9,124,6,3
9,124,6,5
9,124,6,8
9,124,6,9
9,124,6,12
9,124,6,18
9,124,6,19
9,125,6,10
9,125,6,11
9,125,6,19
9,126,6,11
9,126,6,13
9,126,6,14
9,126,6,19
9,127,6,10
9,127,6,11
9,127,6,12
9,127,6,14
9,127,6,15
9,127,6,16
9,127,6,17
9,127,6,18
9,128,6,1
9,128,6,2
9,128,6,3
9,128,6,4
9,128,6,5
9,128,6,7
9,128,6,8
9,128,6,9
9,128,6,10
9,128,6,12
9,128,6,13
9,128,6,15
9,128,6,17
9,128,6,19
9,129,6,5
9,129,6,6
9,129,6,8
9,130,6,8
9,130,6,9
9,131,6,10
9,131,6,11
9,131,6,14
9,131,6,16
9,131,6,19
9,132,6,3
9,132,6,5
9,132,6,8
9,132,6,9
9,132,6,12
9,132,6,19
9,133,6,10
9,133,6,19
9,134,6,11
9,134,6,19
9,135,6,10
9,135,6,11
9,135,6,12
9,135,6,14
9,135,6,16
9,136,6,3
9,136,6,5
9,136,6,8
9,136,6,9
9,136,6,12
9,136,6,19
9,137,6,13
9,138,6,14
9,138,6,19
9,139,6,10
9,139,6,11
9,139,6,14
9,139,6,15
9,139,6,16
9,140,6,3
9,140,6,5
9,140,6,8
9,140,6,9
9,140,6,16
9,140,6,19
9,141,6,10
9,141,6,11
9,141,6,17
9,142,6,11
9,142,6,13
9,142,6,14
9,142,6,18
9,143,6,10
9,143,6,11
9,143,6,12
9,143,6,14
9,143,6,15
9,143,6,16
9,143,6,17
9,143,6,18
9,143,6,19
10,0,5,0
10,0,5,1
10,0,5,2
10,0,5,3
10,0,5,4
10,0,5,5
10,1,5,1
10,1,5,5
10,1,5,6
10,1,5,8
10,2,5,2
10,2,5,3
10,2,5,5
10,3,5,3
10,3,5,6
10,3,5,8
10,4,5,3
10,4,5,4
10,4,5,5
10,5,5,5
10,5,5,6
10,5,5,8
10,6,5,3
10,6,5,5
10,6,5,6
10,7,5,0
10,7,5,6
10,7,5,7
10,7,5,8
10,7,5,9
10,7,5,10
10,8,5,1
10,8,5,2
10,8,5,3
10,8,5,4
10,8,5,5
10,9,5,5
10,9,5,6
10,9,5,8
10,10,5,3
10,10,5,5
10,11,5,0
10,11,5,6
10,11,5,8
10,12,5,3
10,12,5,5
10,13,5,6
10,13,5,8
10,14,5,3
10,14,5,5
10,14,5,6
10,15,5,0
10,15,5,4
10,15,5,6
10,15,5,7
10,15,5,8
10,15,5,9
10,15,5,10
10,16,5,1
10,16,5,2
10,16,5,3
10,16,5,4
10,16,5,5
10,17,5,5
10,17,5,6
10,17,5,8
10,18,5,3
10,18,5,5
10,19,5,0
10,19,5,6
10,19,5,8
10,20,5,3
10,20,5,5
10,21,5,0
10,21,5,6
10,21,5,8
10,22,5,3
10,22,5,5
10,22,5,6
10,23,5,0
10,23,5,4
10,23,5,6
10,23,5,7
10,23,5,8
10,23,5,9
10,23,5,10
10,24,5,1
10,24,5,2
10,24,5,3
10,24,5,4
10,24,5,5
10,25,5,0
10,25,5,5
10,25,5,6
10,25,5,8
10,26,5,3
10,26,5,5
10,26,5,6
10,27,5,6
10,27,5,7
10,27,5,8
10,28,5,3
10,28,5,5
10,28,5,8
10,29,5,6
10,29,5,8
10,29,5,9
10,30,5,3
10,30,5,5
10,30,5,6
10,30,5,10
10,31,5,0
10,31,5,1
10,31,5,2
10,31,5,3
10,31,5,4
10,31,5,5
10,32,5,1
10,32,5,5
10,32,5,6
10,32,5,8
10,33,5,2
10,33,5,3
10,33,5,5
10,34,5,0
10,34,5,3
10,34,5,6
10,34,5,8
10,35,5,3
10,35,5,4
10,35,5,5
10,36,5,0
10,36,5,5
10,36,5,6
10,36,5,8
10,37,5,0
10,37,5,3
10,37,5,5
10,37,5,6
10,38,5,0
10,38,5,4
10,38,5,6
10,38,5,7
10,38,5,8
10,38,5,9
10,38,5,10
10,39,5,1
10,39,5,2
10,39,5,3
10,39,5,4
10,39,5,5
10,40,5,0
10,40,5,5
10,40,5,6
10,40,5,8
10,41,5,0
10,41,5,3
10,41,5,5
10,42,5,0
10,42,5,4
10,42,5,6
10,42,5,8
10,43,5,0
10,43,5,3
10,43,5,5
10,44,5,6
10,44,5,8
10,45,5,3
10,45,5,5
10,45,5,6
10,46,5,1
10,46,5,2
10,46,5,3
10,46,5,4
10,46,5,5
10,47,5,0
10,47,5,5
10,47,5,6
10,47,5,8
10,48,5,0
10,48,5,3
10,48,5,5
10,49,5,0
10,49,5,4
10,49,5,6
10,49,5,8
10,50,5,0
10,50,5,3
10,50,5,5
10,51,5,6
10,51,5,8
10,52,5,3
10,52,5,5
10,52,5,6
10,53,5,6
10,53,5,7
10,53,5,8
10,53,5,9
10,53,5,10
10,53,5,11
10,54,5,0
10,54,5,1
10,54,5,2
10,54,5,3
10,54,5,4
10,54,5,5
10,55,5,5
10,55,5,6
10,55,5,8
10,56,5,3
10,56,5,5
10,56,5,6
10,57,5,6
10,57,5,7
10,57,5,8
10,57,5,11
10,58,5,0
10,58,5,1
10,58,5,2
10,58,5,3
10,58,5,4
10,58,5,5
10,59,5,1
10,59,5,5
10,59,5,6
10,59,5,8
10,60,5,2
10,60,5,3
10,60,5,5
10,61,5,0
10,61,5,3
10,61,5,6
10,61,5,8
10,62,5,3
10,62,5,4
10,62,5,5
10,63,5,0
10,63,5,5
10,63,5,6
10,63,5,8
10,64,5,3
10,64,5,5
10,64,5,6
10,65,5,0
10,65,5,1
10,65,5,4
10,65,5,6
10,65,5,7
10,65,5,8
10,65,5,9
10,65,5,10
10,66,5,1
10,66,5,2
10,66,5,3
10,66,5,4
10,66,5,5
10,67,5,0
10,67,5,5
10,67,5,6
10,67,5,8
10,68,5,0
10,68,5,3
10,68,5,5
10,69,5,0
10,69,5,1
10,69,5,4
10,69,5,6
10,69,5,8
10,70,5,0
10,70,5,3
10,70,5,5
10,71,5,0
10,71,5,4
10,71,5,6
10,71,5,8
10,72,5,3
10,72,5,5
10,72,5,6
10,73,5,1
10,73,5,2
10,73,5,3
10,73,5,4
10,73,5,5
10,74,5,0
10,74,5,5
10,74,5,6
10,74,5,8
10,75,5,0
10,75,5,3
10,75,5,5
10,76,5,0
10,76,5,1
10,76,5,4
10,76,5,6
10,76,5,8
10,77,5,0
10,77,5,3
10,77,5,5
10,78,5,0
10,78,5,1
10,78,5,4
10,78,5,6
10,78,5,8
10,79,5,1
10,79,5,3
10,79,5,5
10,79,5,6
10,80,5,0
10,80,5,1
10,80,5,2
10,80,5,3
10,80,5,4
10,80,5,5
10,81,5,0
10,81,5,1
10,81,5,4
10,81,5,5
10,81,5,6
10,81,5,8
10,82,5,1
10,82,5,3
10,82,5,5
10,82,5,6
10,83,5,6
10,83,5,7
10,83,5,8
10,83,5,11
10,84,5,0
10,84,5,1
10,84,5,2
10,84,5,3
10,84,5,4
10,84,5,5
10,85,5,0
10,85,5,1
10,85,5,5
10,85,5,6
10,85,5,8
10,86,5,0
10,86,5,2
10,86,5,3
10,86,5,5
10,87,5,0
10,87,5,3
10,87,5,4
10,87,5,6
10,87,5,8
10,88,5,0
10,88,5,3
10,88,5,4
10,88,5,5
10,89,5,0
10,89,5,1
10,89,5,4
10,89,5,5
10,89,5,6
10,89,5,8
10,90,5,1
10,90,5,3
10,90,5,5
10,90,5,6
10,91,5,0
10,91,5,1
10,91,5,2
10,91,5,3
10,91,5,4
10,91,5,5
10,92,5,0
10,92,5,1
10,92,5,4
10,92,5,5
10,92,5,6
10,92,5,8
10,93,5,1
10,93,5,3
10,93,5,5
10,94,5,6
10,94,5,8
10,94,5,11
10,95,5,1
10,95,5,3
10,95,5,5
10,95,5,7
10,95,5,8
10,95,5,9
10,95,5,11
10,96,5,6
10,96,5,8
10,96,5,9
10,96,5,11
10,97,5,3
10,97,5,5
10,97,5,6
10,97,5,10
10,97,5,11
10,98,5,6
10,98,5,7
10,98,5,8
10,98,5,9
10,98,5,10
10,98,5,11
10,99,5,0
10,99,5,1
10,99,5,2
10,99,5,3
10,99,5,4
10,99,5,5
10,100,5,1
10,100,5,5
10,100,5,6
10,100,5,8
10,101,5,2
10,101,5,3
10,101,5,5
10,102,5,0
10,102,5,3
10,102,5,6
10,102,5,8
10,103,5,3
10,103,5,4
10,103,5,5
10,104,5,0
10,104,5,5
10,104,5,6
10,104,5,8
10,105,5,3
10,105,5,5
10,105,5,6
10,106,5,0
10,106,5,2
10,106,5,4
10,106,5,6
10,106,5,7
10,106,5,8
10,106,5,9
10,106,5,10
10,107,5,1
10,107,5,2
10,107,5,3
10,107,5,4
10,107,5,5
10,108,5,0
10,108,5,5
10,108,5,6
10,108,5,8
10,109,5,0
10,109,5,3
10,109,5,5
10,110,5,0
10,110,5,2
10,110,5,4
10,110,5,6
10,110,5,8
10,111,5,0
10,111,5,3
10,111,5,5
10,112,5,6
10,112,5,8
10,113,5,0
10,113,5,3
10,113,5,4
10,113,5,5
10,113,5,6
10,113,5,8
10,114,5,1
10,114,5,2
10,114,5,3
10,114,5,4
10,114,5,5
10,115,5,0
10,115,5,5
10,115,5,6
10,115,5,8
10,116,5,0
10,116,5,3
10,116,5,5
10,117,5,0
10,117,5,1
10,117,5,2
10,117,5,4
10,117,5,6
10,117,5,8
10,118,5,0
10,118,5,3
10,118,5,5
10,119,5,0
10,119,5,1
10,119,5,2
10,119,5,4
10,119,5,6
10,119,5,8
10,120,5,0
10,120,5,1
10,120,5,3
10,120,5,4
10,120,5,5
10,120,5,6
10,120,5,8
10,121,5,0
10,121,5,1
10,121,5,2
10,121,5,3
10,121,5,4
10,121,5,5
10,122,5,0
10,122,5,1
10,122,5,2
10,122,5,4
10,122,5,5
10,122,5,6
10,122,5,8
10,123,5,1
10,123,5,3
10,123,5,5
10,123,5,6
10,124,5,0
10,124,5,1
10,124,5,2
10,124,5,3
10,124,5,4
10,124,5,5
10,125,5,0
10,125,5,1
10,125,5,5
10,125,5,6
10,125,5,8
10,126,5,0
10,126,5,2
10,126,5,3
10,126,5,5
10,127,5,0
10,127,5,2
10,127,5,3
10,127,5,4
10,127,5,6
10,127,5,8
10,128,5,0
10,128,5,3
10,128,5,4
10,128,5,5
10,129,5,0
10,129,5,1
10,129,5,2
10,129,5,4
10,129,5,5
10,129,5,6
10,129,5,8
10,130,5,0
10,130,5,1
10,130,5,2
10,130,5,3
10,130,5,4
10,130,5,5
10,130,5,6
10,130,5,8
10,131,5,0
10,131,5,1
10,131,5,2
10,131,5,3
10,131,5,4
10,131,5,5
10,132,5,0
10,132,5,1
10,132,5,2
10,132,5,4
10,132,5,5
10,132,5,6
10,132,5,8
10,133,5,0
10,133,5,2
10,133,5,3
10,133,5,4
10,133,5,5
10,133,5,8
10,134,5,3
10,134,5,6
10,134,5,7
10,134,5,8
10,134,5,9
10,134,5,11
10,135,5,3
10,135,5,5
10,135,5,6
10,135,5,7
10,135,5,9
10,135,5,10
10,135,5,11
10,136,5,6
10,136,5,7
10,136,5,8
10,136,5,9
10,136,5,10
10,136,5,11
10,137,5,3
10,137,5,5
10,137,5,6
10,137,5,7
10,137,5,8
10,137,5,9
10,137,5,10
10,137,5,11
10,138,5,3
10,138,5,5
10,138,5,6
10,138,5,7
10,138,5,9
10,138,5,10
10,138,5,11
10,139,5,6
10,139,5,7
10,139,5,8
10,139,5,11
10,140,5,3
10,140,5,5
10,140,5,7
10,140,5,8
10,140,5,9
10,140,5,11
10,141,5,6
10,141,5,8
10,141,5,9
10,141,5,11
10,142,5,3
10,142,5,5
10,142,5,6
10,142,5,10
10,142,5,11
10,143,5,6
10,143,5,7
10,143,5,8
10,143,5,9
10,143,5,10
10,143,5,11
10,144,5,5
10,144,5,6
10,144,5,8
10,144,5,10
10,145,5,3
10,145,5,5
10,145,5,6
10,145,5,7
10,145,5,9
10,145,5,10
10,145,5,11
10,146,5,6
10,146,5,7
10,146,5,8
10,146,5,9
10,146,5,10
10,146,5,11
10,147,5,3
10,147,5,5
10,147,5,6
10,147,5,7
10,147,5,8
10,147,5,10
10,147,5,11
10,148,5,3
10,148,5,5
10,148,5,7
10,148,5,9
10,148,5,10
10,148,5,11
10,149,5,6
10,149,5,8
10,149,5,11
10,150,5,3
10,150,5,5
10,150,5,7
10,150,5,9
10,150,5,10
10,150,5,11
10,151,5,6
10,151,5,8
10,151,5,11
10,152,5,3
10,152,5,5
10,152,5,6
10,152,5,11
10,153,5,6
10,153,5,7
10,153,5,8
10,153,5,9
10,153,5,10
10,154,5,3
10,154,5,5
10,154,5,6
10,154,5,7
10,154,5,8
10,154,5,11
10,155,5,3
10,155,5,5
10,156,5,6
10,156,5,8
10,156,5,11
10,157,5,3
10,157,5,5
10,157,5,7
10,157,5,9
10,157,5,11
10,158,5,6
10,158,5,8
10,158,5,11
10,159,5,3
10,159,5,5
10,159,5,6
10,159,5,11
10,160,5,6
10,160,5,7
10,160,5,8
10,160,5,9
10,160,5,10
10,161,5,1
10,161,5,2
10,161,5,3
10,161,5,4
10,161,5,5
10,161,5,7
10,161,5,9
10,161,5,11
10,162,5,5
10,162,5,6
10,162,5,8
10,163,5,3
10,163,5,5
10,163,5,6
10,163,5,11
10,164,5,6
10,164,5,7
10,164,5,8
10,165,5,3
10,165,5,5
10,165,5,8
10,165,5,11
10,166,5,6
10,166,5,8
10,166,5,9
10,167,5,3
10,167,5,5
10,167,5,6
10,167,5,10
10,168,5,6
10,168,5,7
10,168,5,8
10,168,5,9
10,168,5,10
10,168,5,11
10,169,5,0
10,169,5,1
10,169,5,2
10,169,5,3
10,169,5,4
10,169,5,5
10,170,5,0
10,170,5,1
10,170,5,5
10,170,5,6
10,170,5,8
10,171,5,0
10,171,5,2
10,171,5,3
10,171,5,5
10,172,5,0
10,172,5,2
10,172,5,3
10,172,5,4
10,172,5,6
10,172,5,8
10,172,5,10
10,173,5,0
10,173,5,3
10,173,5,5
10,174,5,6
10,174,5,8
10,174,5,10
10,175,5,3
10,175,5,5
10,175,5,6
10,175,5,7
10,175,5,10
10,175,5,11
10,176,5,6
10,176,5,7
10,176,5,8
10,176,5,9
10,176,5,10
10,176,5,11
10,177,5,5
10,177,5,6
10,177,5,8
10,177,5,10
10,178,5,3
10,178,5,5
10,178,5,6
10,178,5,7
10,178,5,10
10,178,5,11
10,179,5,6
10,179,5,7
10,179,5,8
10,179,5,11
10,180,5,3
10,180,5,5
10,180,5,7
10,180,5,8
10,180,5,11
10,181,5,6
10,181,5,8
10,181,5,9
10,181,5,11
10,182,5,3
10,182,5,5
10,182,5,6
10,182,5,10
10,182,5,11
10,183,5,6
10,183,5,7
10,183,5,8
10,183,5,9
10,183,5,10
10,183,5,11
10,184,5,0
10,184,5,3
10,184,5,4
10,184,5,5
10,185,5,5
10,185,5,6
10,185,5,8
10,185,5,10
10,186,5,3
10,186,5,5
10,186,5,6
10,186,5,7
10,186,5,10
10,186,5,11
10,187,5,6
10,187,5,7
10,187,5,8
10,187,5,9
10,187,5,10
10,187,5,11
10,188,5,5
10,188,5,6
10,188,5,8
10,188,5,10
10,189,5,3
10,189,5,5
10,189,5,7
10,189,5,10
10,189,5,11
10,190,5,6
10,190,5,8
10,190,5,11
10,191,5,3
10,191,5,5
10,191,5,7
10,191,5,10
10,191,5,11
10,192,5,6
10,192,5,8
10,192,5,11
10,193,5,3
10,193,5,5
10,193,5,6
10,193,5,11
10,194,5,6
10,194,5,7
10,194,5,8
10,194,5,9
10,194,5,10
10,195,5,5
10,195,5,6
10,195,5,8
10,196,5,3
10,196,5,5
10,196,5,7
10,196,5,11
10,197,5,6
10,197,5,8
10,197,5,11
10,198,5,3
10,198,5,5
10,198,5,7
10,198,5,10
10,198,5,11
10,199,5,6
10,199,5,8
10,199,5,11
10,200,5,3
10,200,5,5
10,200,5,6
10,200,5,11
10,201,5,6
10,201,5,7
10,201,5,8
10,201,5,9
10,201,5,10
10,202,5,1
10,202,5,2
10,202,5,3
10,202,5,4
10,202,5,5
10,202,5,7
10,202,5,10
10,202,5,11
10,203,5,5
10,203,5,6
10,203,5,8
10,204,5,3
10,204,5,5
10,204,5,6
10,204,5,11
10,205,5,6
10,205,5,7
10,205,5,8
10,206,5,3
10,206,5,5
10,206,5,8
10,206,5,11
10,207,5,6
10,207,5,8
10,207,5,9
10,208,5,3
10,208,5,5
10,208,5,6
10,208,5,10
10,209,5,6
10,209,5,7
10,209,5,8
10,209,5,9
10,209,5,10
10,209,5,11
10,210,5,0
10,210,5,3
10,210,5,4
10,210,5,5
10,211,5,5
10,211,5,6
10,211,5,8
10,212,5,3
10,212,5,5
10,212,5,6
10,213,5,6
10,213,5,7
10,213,5,8
10,213,5,9
10,213,5,10
10,213,5,11
10,214,5,0
10,214,5,1
10,214,5,2
10,214,5,3
10,214,5,4
10,214,5,5
10,215,5,5
10,215,5,6
10,215,5,8
10,216,5,3
10,216,5,5
10,217,5,6
10,217,5,8
10,217,5,11
10,218,5,3
10,218,5,5
10,218,5,7
10,218,5,11
10,219,5,6
10,219,5,8
10,219,5,11
10,220,5,3
10,220,5,5
10,220,5,6
10,220,5,11
10,221,5,6
10,221,5,7
10,221,5,8
10,221,5,9
10,221,5,10
10,222,5,5
10,222,5,6
10,222,5,8
10,223,5,3
10,223,5,5
10,224,5,6
10,224,5,8
10,224,5,11
10,225,5,3
10,225,5,5
10,225,5,7
10,225,5,11
10,226,5,6
10,226,5,8
10,226,5,11
10,227,5,3
10,227,5,5
10,227,5,6
10,227,5,11
10,228,5,6
10,228,5,7
10,228,5,8
10,228,5,9
10,228,5,10
10,229,5,1
10,229,5,2
10,229,5,3
10,229,5,4
10,229,5,5
10,229,5,7
10,229,5,11
10,230,5,5
10,230,5,6
10,230,5,8
10,230,5,11
10,231,5,3
10,231,5,5
10,231,5,6
10,231,5,11
10,232,5,6
10,232,5,7
10,232,5,8
10,233,5,3
10,233,5,5
10,233,5,8
10,233,5,11
10,234,5,6
10,234,5,8
10,234,5,9
10,235,5,3
10,235,5,5
10,235,5,6
10,235,5,10
10,236,5,6
10,236,5,7
10,236,5,8
10,236,5,9
10,236,5,10
10,236,5,11
10,237,5,1
10,237,5,5
10,237,5,6
10,237,5,8
10,238,5,2
10,238,5,3
10,238,5,5
10,239,5,3
10,239,5,6
10,239,5,8
10,240,5,3
10,240,5,4
10,240,5,5
10,241,5,5
10,241,5,6
10,241,5,8
10,242,5,3
10,242,5,5
10,242,5,6
10,242,5,11
10,243,5,6
10,243,5,7
10,243,5,8
10,243,5,9
10,243,5,10
10,244,5,1
10,244,5,2
10,244,5,3
10,244,5,4
10,244,5,5
10,244,5,7
10,244,5,11
10,245,5,5
10,245,5,6
10,245,5,8
10,246,5,3
10,246,5,5
10,246,5,11
10,247,5,6
10,247,5,8
10,248,5,3
10,248,5,5
10,248,5,11
10,249,5,6
10,249,5,8
10,250,5,3
10,250,5,5
10,250,5,6
10,251,5,6
10,251,5,7
10,251,5,8
10,251,5,9
10,251,5,10
10,252,5,1
10,252,5,2
10,252,5,3
10,252,5,4
10,252,5,5
10,252,5,7
10,252,5,11
10,253,5,5
10,253,5,6
10,253,5,8
10,254,5,3
10,254,5,5
10,255,5,6
10,255,5,8
10,256,5,3
10,256,5,5
10,256,5,11
10,257,5,6
10,257,5,8
10,258,5,3
10,258,5,5
10,258,5,6
10,259,5,6
10,259,5,7
10,259,5,8
10,259,5,9
10,259,5,10
10,260,5,1
10,260,5,2
10,260,5,3
10,260,5,4
10,260,5,5
10,260,5,11
10,261,5,5
10,261,5,6
10,261,5,8
10,262,5,3
10,262,5,5
10,262,5,6
10,263,5,6
10,263,5,7
10,263,5,8
10,264,5,3
10,264,5,5
10,264,5,8
10,265,5,6
10,265,5,8
10,265,5,9
10,266,5,3
10,266,5,5
10,266,5,6
10,266,5,10
10,267,5,6
10,267,5,7
10,267,5,8
10,267,5,9
10,267,5,10
10,267,5,11
11,0,4,0
11,0,4,1
11,0,4,2
11,1,4,1
11,2,4,2
11,3,4,3
11,3,4,4
11,4,4,1
11,4,4,2
11,7,4,3
11,7,4,4
11,8,4,1
11,8,4,2
11,11,4,3
11,11,4,4
11,12,4,1
11,12,4,2
11,13,4,3
11,14,4,4
11,15,4,0
11,15,4,3
11,15,4,4
11,15,4,5
11,16,4,0
11,16,4,1
11,16,4,2
11,17,4,1
11,18,4,2
11,19,4,3
11,19,4,4
11,20,4,1
11,20,4,2
11,23,4,0
11,23,4,3
11,23,4,4
11,24,4,1
11,24,4,2
11,27,4,3
11,27,4,4
11,28,4,1
11,28,4,2
11,29,4,3
11,30,4,4
11,31,4,0
11,31,4,2
11,31,4,3
11,31,4,4
11,31,4,5
11,32,4,0
11,32,4,1
11,32,4,2
11,33,4,1
11,34,4,2
11,35,4,3
11,35,4,4
11,36,4,1
11,36,4,2
11,39,4,0
11,39,4,3
11,39,4,4
11,40,4,1
11,40,4,2
11,43,4,0
11,43,4,3
11,43,4,4
11,44,4,1
11,44,4,2
11,45,4,3
11,46,4,4
11,47,4,0
11,47,4,2
11,47,4,3
11,47,4,4
11,47,4,5
11,48,4,0
11,48,4,1
11,48,4,2
11,49,4,1
11,50,4,2
11,51,4,0
11,51,4,3
11,51,4,4
11,52,4,1
11,52,4,2
11,55,4,3
11,55,4,4
11,56,4,1
11,56,4,2
11,59,4,3
11,59,4,4
11,60,4,1
11,60,4,2
11,61,4,3
11,62,4,0
11,62,4,1
11,62,4,2
11,63,4,1
11,64,4,2
11,65,4,3
11,65,4,4
11,66,4,1
11,66,4,2
11,69,4,0
11,69,4,3
11,69,4,4
11,70,4,1
11,70,4,2
11,73,4,0
11,73,4,3
11,73,4,4
11,74,4,1
11,74,4,2
11,75,4,0
11,75,4,3
11,76,4,4
11,77,4,0
11,77,4,2
11,77,4,3
11,77,4,4
11,77,4,5
11,78,4,0
11,78,4,1
11,78,4,2
11,79,4,1
11,80,4,2
11,81,4,0
11,81,4,3
11,81,4,4
11,82,4,1
11,82,4,2
11,83,4,0
11,85,4,0
11,85,4,2
11,85,4,3
11,85,4,4
11,86,4,1
11,86,4,2
11,87,4,0
11,89,4,3
11,89,4,4
11,90,4,1
11,90,4,2
11,91,4,3
11,92,4,0
11,92,4,1
11,92,4,2
11,93,4,1
11,94,4,2
11,95,4,0
11,95,4,3
11,95,4,4
11,96,4,1
11,96,4,2
11,97,4,0
11,99,4,0
11,99,4,2
11,99,4,3
11,99,4,4
11,100,4,1
11,100,4,2
11,101,4,0
11,103,4,3
11,103,4,4
11,104,4,1
11,104,4,2
11,105,4,3
11,106,4,4
11,106,4,5
11,107,4,3
11,107,4,4
11,107,4,5
11,108,4,0
11,108,4,1
11,108,4,2
11,109,4,0
11,109,4,1
11,110,4,2
11,111,4,3
11,111,4,4
11,112,4,1
11,112,4,2
11,114,4,5
11,115,4,3
11,115,4,4
11,116,4,0
11,116,4,1
11,116,4,2
11,117,4,1
11,118,4,2
11,119,4,3
11,119,4,4
11,120,4,1
11,120,4,2
11,123,4,0
11,123,4,3
11,123,4,4
11,124,4,1
11,124,4,2
11,127,4,0
11,127,4,3
11,127,4,4
11,128,4,1
11,128,4,2
11,129,4,3
11,130,4,0
11,130,4,4
11,131,4,0
11,131,4,2
11,131,4,3
11,131,4,4
11,131,4,5
11,132,4,0
11,132,4,1
11,132,4,2
11,133,4,1
11,134,4,2
11,135,4,0
11,135,4,3
11,135,4,4
11,136,4,1
11,136,4,2
11,137,4,0
11,138,4,0
11,139,4,0
11,139,4,2
11,139,4,3
11,139,4,4
11,140,4,1
11,140,4,2
11,141,4,0
11,143,4,0
11,143,4,2
11,143,4,3
11,143,4,4
11,144,4,1
11,144,4,2
11,145,4,3
11,146,4,0
11,146,4,1
11,146,4,2
11,147,4,1
11,148,4,2
11,149,4,0
11,149,4,3
11,149,4,4
11,150,4,1
11,150,4,2
11,151,4,0
11,152,4,0
11,153,4,0
11,153,4,2
11,153,4,3
11,153,4,4
11,154,4,1
11,154,4,2
11,155,4,0
11,156,4,0
11,157,4,0
11,157,4,2
11,157,4,3
11,157,4,4
11,158,4,0
11,158,4,1
11,158,4,2
11,159,4,3
11,160,4,0
11,160,4,1
11,160,4,2
11,161,4,0
11,161,4,1
11,162,4,0
11,162,4,2
11,163,4,0
11,163,4,2
11,163,4,3
11,163,4,4
11,164,4,0
11,164,4,1
11,164,4,2
11,166,4,4
11,166,4,5
11,167,4,3
11,167,4,4
11,167,4,5
11,168,4,0
11,168,4,1
11,168,4,2
11,169,4,1
11,170,4,2
11,171,4,0
11,171,4,3
11,171,4,4
11,172,4,1
11,172,4,2
11,173,4,0
11,175,4,0
11,175,4,2
11,175,4,3
11,175,4,4
11,176,4,1
11,176,4,2
11,177,4,0
11,178,4,0
11,179,4,0
11,179,4,2
11,179,4,3
11,179,4,4
11,180,4,0
11,180,4,1
11,180,4,2
11,181,4,3
11,182,4,0
11,182,4,1
11,182,4,2
11,183,4,0
11,183,4,1
11,184,4,0
11,184,4,2
11,185,4,0
11,185,4,2
11,185,4,3
11,185,4,4
11,186,4,0
11,186,4,1
11,186,4,2
11,188,4,4
11,188,4,5
11,189,4,3
11,189,4,4
11,189,4,5
11,190,4,4
11,191,4,4
11,191,4,5
11,192,4,3
11,192,4,4
11,192,4,5
11,193,4,1
11,193,4,2
11,193,4,5
11,194,4,3
11,194,4,5
11,195,4,4
11,195,4,5
11,196,4,3
11,196,4,4
11,196,4,5
11,197,4,0
11,197,4,1
11,197,4,2
11,198,4,1
11,199,4,2
11,200,4,3
11,200,4,4
11,201,4,1
11,201,4,2
11,204,4,0
11,204,4,3
11,204,4,4
11,205,4,1
11,205,4,2
11,208,4,0
11,208,4,3
11,208,4,4
11,209,4,1
11,209,4,2
11,210,4,3
11,211,4,4
11,212,4,0
11,212,4,1
11,212,4,2
11,212,4,3
11,212,4,4
11,212,4,5
11,213,4,0
11,213,4,1
11,213,4,2
11,214,4,1
11,215,4,2
11,216,4,0
11,216,4,3
11,216,4,4
11,217,4,1
11,217,4,2
11,218,4,0
11,220,4,0
11,220,4,1
11,220,4,2
11,220,4,3
11,220,4,4
11,221,4,1
11,221,4,2
11,222,4,0
11,224,4,3
11,224,4,4
11,225,4,1
11,225,4,2
11,226,4,0
11,226,4,2
11,226,4,3
11,226,4,4
11,227,4,0
11,227,4,1
11,227,4,2
11,228,4,1
11,229,4,2
11,230,4,0
11,230,4,3
11,230,4,4
11,231,4,1
11,231,4,2
11,232,4,0
11,233,4,0
11,234,4,0
11,234,4,1
11,234,4,2
11,234,4,3
11,234,4,4
11,235,4,1
11,235,4,2
11,236,4,0
11,237,4,0
11,238,4,0
11,238,4,1
11,238,4,2
11,238,4,3
11,238,4,4
11,239,4,0
11,239,4,1
11,239,4,2
11,240,4,0
11,240,4,2
11,240,4,3
11,240,4,4
11,241,4,0
11,241,4,1
11,241,4,2
11,242,4,0
11,242,4,1
11,243,4,0
11,243,4,2
11,244,4,0
11,244,4,1
11,244,4,2
11,244,4,3
11,244,4,4
11,245,4,0
11,245,4,1
11,245,4,2
11,247,4,0
11,247,4,1
11,247,4,2
11,248,4,1
11,249,4,2
11,250,4,0
11,250,4,3
11,250,4,4
11,251,4,1
11,251,4,2
11,252,4,0
11,254,4,0
11,254,4,1
11,254,4,2
11,254,4,3
11,254,4,4
11,255,4,1
11,255,4,2
11,256,4,0
11,257,4,0
11,258,4,0
11,258,4,1
11,258,4,2
11,258,4,3
11,258,4,4
11,259,4,0
11,259,4,1
11,259,4,2
11,260,4,0
11,260,4,1
11,260,4,2
11,260,4,3
11,260,4,4
11,261,4,0
11,261,4,1
11,261,4,2
11,262,4,0
11,262,4,1
11,263,4,0
11,263,4,2
11,264,4,0
11,264,4,1
11,264,4,2
11,264,4,3
11,264,4,4
11,265,4,0
11,265,4,1
11,265,4,2
11,266,4,0
11,266,4,1
11,266,4,2
11,266,4,4
11,267,4,1
11,267,4,3
11,267,4,4
11,267,4,5
11,268,4,3
11,268,4,4
11,268,4,5
11,269,4,1
11,269,4,2
11,269,4,3
11,269,4,4
11,269,4,5
11,270,4,3
11,270,4,5
11,271,4,4
11,271,4,5
11,272,4,3
11,272,4,4
11,272,4,5
11,273,4,1
11,273,4,2
11,273,4,3
11,273,4,4
11,273,4,5
11,274,4,3
11,274,4,4
11,274,4,5
11,275,4,1
11,275,4,2
11,275,4,3
11,275,4,4
11,275,4,5
11,276,4,5
11,277,4,5
11,278,4,3
11,278,4,4
11,279,4,1
11,279,4,2
11,279,4,3
11,279,4,4
11,279,4,5
11,281,4,5
11,282,4,3
11,282,4,4
11,283,4,1
11,283,4,2
11,283,4,5
11,284,4,3
11,285,4,4
11,286,4,3
11,286,4,4
11,286,4,5
11,288,4,3
11,288,4,4
11,288,4,5
11,289,4,1
11,289,4,2
11,289,4,3
11,289,4,4
11,289,4,5
11,290,4,3
11,290,4,5
11,291,4,4
11,291,4,5
11,292,4,3
11,292,4,4
11,292,4,5
11,293,4,1
11,293,4,2
11,293,4,3
11,293,4,5
11,294,4,3
11,294,4,4
11,294,4,5
11,295,4,1
11,295,4,2
11,295,4,3
11,295,4,4
11,295,4,5
11,296,4,5
11,297,4,5
11,298,4,3
11,298,4,4
11,299,4,1
11,299,4,2
11,299,4,3
11,299,4,4
11,299,4,5
11,300,4,5
11,301,4,5
11,302,4,3
11,302,4,4
11,303,4,1
11,303,4,2
11,303,4,5
11,304,4,3
11,305,4,4
11,306,4,3
11,306,4,4
11,306,4,5
11,307,4,1
11,307,4,2
11,307,4,3
11,307,4,5
11,308,4,3
11,308,4,4
11,309,4,1
11,309,4,2
11,311,4,5
11,312,4,3
11,312,4,4
11,313,4,1
11,313,4,2
11,313,4,3
11,313,4,4
11,313,4,5
11,315,4,5
11,316,4,3
11,316,4,4
11,317,4,1
11,317,4,2
11,317,4,5
11,318,4,3
11,319,4,4
11,320,4,3
11,320,4,4
11,320,4,5
11,321,4,0
11,321,4,1
11,321,4,2
11,321,4,3
11,321,4,4
11,321,4,5
11,322,4,1
11,323,4,2
11,324,4,3
11,324,4,4
11,325,4,1
11,325,4,2
11,325,4,5
11,328,4,3
11,328,4,4
11,329,4,1
11,329,4,2
11,329,4,5
11,332,4,3
11,332,4,4
11,333,4,1
11,333,4,2
11,334,4,3
11,335,4,4
11,336,4,3
11,336,4,4
11,336,4,5
11,337,4,0
11,337,4,1
11,337,4,2
11,338,4,0
11,338,4,1
11,339,4,0
11,339,4,2
11,340,4,0
11,340,4,3
11,340,4,4
11,341,4,0
11,341,4,1
11,341,4,2
11,342,4,0
11,342,4,1
11,343,4,1
11,344,4,0
11,344,4,1
11,344,4,2
11,345,4,0
11,345,4,1
11,347,4,3
11,347,4,4
11,347,4,5
11,348,4,1
11,348,4,2
11,348,4,3
11,348,4,5
11,349,4,3
11,349,4,5
11,350,4,4
11,350,4,5
11,351,4,3
11,351,4,4
11,351,4,5
11,352,4,2
11,353,4,3
11,353,4,4
11,353,4,5
11,354,4,1
11,354,4,2
11,354,4,3
11,354,4,5
11,355,4,5
11,356,4,5
11,357,4,3
11,357,4,4
11,358,4,1
11,358,4,2
11,358,4,3
11,358,4,5
11,360,4,5
11,361,4,3
11,361,4,4
11,362,4,1
11,362,4,2
11,362,4,5
11,363,4,3
11,364,4,4
11,365,4,3
11,365,4,4
11,365,4,5
11,366,4,0
11,366,4,1
11,366,4,2
11,367,4,0
11,367,4,1
11,369,4,3
11,369,4,4
11,369,4,5
11,370,4,1
11,370,4,2
11,370,4,3
11,370,4,5
11,371,4,3
11,371,4,5
11,372,4,4
11,372,4,5
11,373,4,3
11,373,4,4
11,373,4,5
11,374,4,2
11,375,4,3
11,375,4,4
11,375,4,5
11,376,4,1
11,376,4,2
11,376,4,3
11,376,4,5
11,377,4,5
11,378,4,5
11,379,4,3
11,379,4,4
11,380,4,1
11,380,4,2
11,380,4,3
11,380,4,5
11,381,4,5
11,382,4,5
11,383,4,3
11,383,4,4
11,384,4,1
11,384,4,2
11,384,4,5
11,385,4,3
11,386,4,4
11,387,4,3
11,387,4,4
11,387,4,5
11,388,4,2
11,389,4,3
11,389,4,4
11,390,4,1
11,390,4,2
11,390,4,3
11,390,4,5
11,392,4,5
11,393,4,3
11,393,4,4
11,394,4,1
11,394,4,2
11,394,4,3
11,394,4,5
11,395,4,5
11,396,4,5
11,397,4,3
11,397,4,4
11,398,4,1
11,398,4,2
11,398,4,5
11,399,4,3
11,400,4,4
11,401,4,3
11,401,4,4
11,401,4,5
11,402,4,0
11,402,4,1
11,402,4,2
11,402,4,3
11,402,4,5
11,403,4,1
11,403,4,5
11,404,4,2
11,405,4,3
11,405,4,4
11,406,4,1
11,406,4,2
11,406,4,5
11,409,4,3
11,409,4,4
11,410,4,1
11,410,4,2
11,410,4,5
11,413,4,3
11,413,4,4
11,414,4,1
11,414,4,2
11,415,4,3
11,416,4,4
11,417,4,3
11,417,4,4
11,417,4,5
11,418,4,1
11,418,4,2
11,419,4,0
11,421,4,3
11,421,4,4
11,422,4,1
11,422,4,2
11,423,4,3
11,424,4,4
11,424,4,5
11,425,4,3
11,425,4,4
11,425,4,5
11,426,4,0
11,426,4,1
11,426,4,2
11,427,4,0
11,427,4,1
11,428,4,2
11,429,4,3
11,429,4,4
11,430,4,1
11,430,4,2
11,432,4,5
11,433,4,3
11,433,4,4
11,434,4,1
11,434,4,2
11,434,4,3
11,434,4,5
11,436,4,5
11,437,4,3
11,437,4,4
11,438,4,1
11,438,4,2
11,438,4,5
11,439,4,3
11,440,4,4
11,441,4,3
11,441,4,4
11,441,4,5
11,442,4,2
11,443,4,3
11,443,4,4
11,444,4,1
11,444,4,2
11,446,4,5
11,447,4,3
11,447,4,4
11,448,4,1
11,448,4,2
11,448,4,3
11,448,4,5
11,450,4,5
11,451,4,3
11,451,4,4
11,452,4,1
11,452,4,2
11,452,4,5
11,453,4,3
11,454,4,4
11,455,4,3
11,455,4,4
11,455,4,5
11,456,4,0
11,456,4,1
11,456,4,2
11,456,4,3
11,456,4,5
11,457,4,1
11,458,4,2
11,458,4,5
11,459,4,3
11,459,4,4
11,460,4,1
11,460,4,2
11,460,4,5
11,463,4,3
11,463,4,4
11,464,4,1
11,464,4,2
11,464,4,5
11,467,4,3
11,467,4,4
11,468,4,1
11,468,4,2
11,469,4,3
11,470,4,4
11,471,4,3
11,471,4,4
11,471,4,5
11,472,4,2
11,473,4,3
11,473,4,4
11,474,4,1
11,474,4,2
11,477,4,3
11,477,4,4
11,478,4,1
11,478,4,2
11,481,4,3
11,481,4,4
11,482,4,1
11,482,4,2
11,482,4,5
11,483,4,3
11,484,4,4
11,485,4,3
11,485,4,4
11,485,4,5
11,486,4,0
11,486,4,1
11,486,4,2
11,486,4,3
11,486,4,5
11,487,4,1
11,488,4,2
11,489,4,3
11,489,4,4
11,490,4,1
11,490,4,2
11,490,4,5
11,493,4,3
11,493,4,4
11,494,4,1
11,494,4,2
11,494,4,5
11,497,4,3
11,497,4,4
11,498,4,1
11,498,4,2
11,499,4,3
11,500,4,4
11,501,4,3
11,501,4,4
11,501,4,5
11,502,4,0
11,502,4,1
11,502,4,2
11,502,4,3
11,502,4,5
11,503,4,1
11,504,4,2
11,505,4,3
11,505,4,4
11,506,4,1
11,506,4,2
11,509,4,3
11,509,4,4
11,510,4,1
11,510,4,2
11,510,4,5
11,513,4,3
11,513,4,4
11,514,4,1
11,514,4,2
11,515,4,3
11,516,4,4
11,517,4,3
11,517,4,4
11,517,4,5
11,518,4,0
11,518,4,1
11,518,4,2
11,518,4,5
11,519,4,1
11,520,4,2
11,521,4,3
11,521,4,4
11,522,4,1
11,522,4,2
11,525,4,3
11,525,4,4
11,526,4,1
11,526,4,2
11,529,4,3
11,529,4,4
11,530,4,1
11,530,4,2
11,531,4,3
11,532,4,4
11,533,4,3
11,533,4,4
11,533,4,5
12,0,3,0
12,0,3,1
12,1,3,1
12,1,3,2
12,2,3,1
12,3,3,2
12,4,3,1
12,5,3,2
12,6,3,1
12,6,3,2
12,7,3,2
12,7,3,3
12,8,3,0
12,8,3,1
12,9,3,1
12,9,3,2
12,10,3,1
12,11,3,2
12,12,3,1
12,13,3,2
12,14,3,1
12,14,3,2
12,15,3,2
12,15,3,3
12,16,3,0
12,16,3,1
12,17,3,1
12,17,3,2
12,18,3,1
12,19,3,2
12,20,3,1
12,21,3,2
12,22,3,1
12,22,3,2
12,23,3,2
12,23,3,3
12,24,3,0
12,24,3,1
12,25,3,1
12,25,3,2
12,26,3,1
12,27,3,2
12,28,3,1
12,29,3,2
12,30,3,1
12,30,3,2
12,31,3,0
12,31,3,2
12,31,3,3
12,32,3,0
12,32,3,1
12,33,3,1
12,33,3,2
12,34,3,1
12,35,3,2
12,36,3,1
12,37,3,2
12,38,3,1
12,38,3,2
12,39,3,2
12,39,3,3
12,40,3,0
12,40,3,1
12,41,3,1
12,41,3,2
12,42,3,1
12,43,3,2
12,44,3,1
12,45,3,2
12,46,3,1
12,46,3,2
12,47,3,0
12,47,3,2
12,47,3,3
12,48,3,0
12,48,3,1
12,49,3,1
12,49,3,2
12,50,3,1
12,51,3,2
12,52,3,1
12,53,3,2
12,54,3,1
12,54,3,2
12,55,3,2
12,55,3,3
12,56,3,0
12,56,3,1
12,57,3,1
12,57,3,2
12,58,3,1
12,59,3,2
12,60,3,1
12,61,3,2
12,62,3,1
12,62,3,2
12,63,3,0
12,63,3,1
12,64,3,1
12,64,3,2
12,65,3,1
12,66,3,2
12,67,3,1
12,68,3,2
12,69,3,1
12,69,3,2
12,70,3,2
12,70,3,3
12,71,3,0
12,71,3,1
12,72,3,1
12,72,3,2
12,73,3,1
12,74,3,2
12,75,3,1
12,76,3,2
12,77,3,1
12,77,3,2
12,78,3,0
12,78,3,2
12,78,3,3
12,79,3,0
12,79,3,1
12,80,3,1
12,80,3,2
12,81,3,1
12,82,3,2
12,83,3,1
12,84,3,2
12,85,3,1
12,85,3,2
12,86,3,0
12,86,3,2
12,86,3,3
12,87,3,0
12,87,3,1
12,88,3,1
12,88,3,2
12,89,3,1
12,90,3,2
12,91,3,1
12,92,3,2
12,93,3,1
12,93,3,2
12,94,3,0
12,94,3,1
12,95,3,1
12,95,3,2
12,96,3,1
12,97,3,2
12,98,3,1
12,99,3,2
12,100,3,1
12,100,3,2
12,101,3,0
12,101,3,2
12,101,3,3
12,102,3,0
12,102,3,1
12,103,3,1
12,103,3,2
12,104,3,1
12,105,3,2
12,106,3,1
12,107,3,2
12,108,3,1
12,108,3,2
12,109,3,2
12,109,3,3
12,110,3,0
12,110,3,1
12,111,3,1
12,111,3,2
12,112,3,1
12,113,3,2
12,114,3,1
12,115,3,2
12,116,3,1
12,116,3,2
12,117,3,2
12,117,3,3
12,118,3,0
12,118,3,1
12,119,3,1
12,119,3,2
12,120,3,1
12,121,3,2
12,122,3,0
12,122,3,1
12,123,3,1
12,123,3,2
12,124,3,1
12,125,3,2
12,126,3,1
12,127,3,2
12,128,3,1
12,128,3,2
12,129,3,2
12,129,3,3
12,130,3,0
12,130,3,1
12,131,3,1
12,131,3,2
12,132,3,1
12,133,3,2
12,134,3,1
12,135,3,2
12,136,3,1
12,136,3,2
12,137,3,0
12,137,3,2
12,137,3,3
12,138,3,0
12,138,3,1
12,139,3,1
12,139,3,2
12,140,3,1
12,141,3,2
12,142,3,1
12,143,3,2
12,144,3,1
12,144,3,2
12,145,3,0
12,145,3,2
12,145,3,3
12,146,3,0
12,146,3,1
12,147,3,1
12,147,3,2
12,148,3,1
12,149,3,0
12,149,3,2
12,150,3,1
12,151,3,2
12,152,3,1
12,152,3,2
12,153,3,0
12,153,3,1
12,154,3,1
12,154,3,2
12,155,3,1
12,156,3,2
12,157,3,1
12,158,3,2
12,159,3,1
12,159,3,2
12,160,3,0
12,160,3,2
12,160,3,3
12,161,3,0
12,161,3,1
12,162,3,1
12,162,3,2
12,163,3,1
12,164,3,0
12,164,3,2
12,165,3,1
12,166,3,2
12,167,3,1
12,167,3,2
12,168,3,0
12,168,3,1
12,169,3,1
12,169,3,2
12,170,3,1
12,171,3,0
12,171,3,2
12,172,3,1
12,173,3,2
12,174,3,1
12,174,3,2
12,175,3,2
12,175,3,3
12,176,3,0
12,176,3,1
12,177,3,1
12,177,3,2
12,178,3,1
12,179,3,2
12,180,3,0
12,180,3,1
12,181,3,1
12,181,3,2
12,182,3,1
12,183,3,2
12,184,3,1
12,185,3,2
12,186,3,1
12,186,3,2
12,187,3,0
12,187,3,2
12,187,3,3
12,188,3,0
12,188,3,1
12,189,3,1
12,189,3,2
12,190,3,1
12,191,3,0
12,191,3,2
12,192,3,1
12,193,3,2
12,194,3,1
12,194,3,2
12,195,3,0
12,195,3,1
12,196,3,1
12,196,3,2
12,197,3,1
12,198,3,0
12,198,3,2
12,199,3,1
12,200,3,2
12,201,3,1
12,201,3,2
12,202,3,2
12,202,3,3
12,203,3,0
12,203,3,1
12,204,3,1
12,204,3,2
12,205,3,1
12,206,3,2
12,207,3,1
12,207,3,3
12,208,3,2
12,209,3,1
12,209,3,2
12,210,3,2
12,210,3,3
12,211,3,0
12,211,3,1
12,212,3,1
12,212,3,2
12,213,3,1
12,214,3,0
12,214,3,2
12,215,3,1
12,216,3,2
12,217,3,1
12,217,3,2
12,218,3,2
12,218,3,3
12,219,3,0
12,219,3,1
12,220,3,1
12,220,3,2
12,221,3,1
12,222,3,2
12,223,3,1
12,223,3,3
12,224,3,2
12,225,3,1
12,225,3,2
12,226,3,2
12,226,3,3
12,227,3,0
12,227,3,1
12,228,3,1
12,228,3,2
12,229,3,1
12,230,3,2
12,231,3,1
12,232,3,2
12,233,3,1
12,233,3,2
12,234,3,2
12,234,3,3
12,235,3,0
12,235,3,1
12,236,3,1
12,236,3,2
12,237,3,1
12,238,3,2
12,239,3,1
12,240,3,2
12,241,3,1
12,241,3,2
12,242,3,0
12,242,3,2
12,242,3,3
12,243,3,0
12,243,3,1
12,244,3,1
12,244,3,2
12,245,3,1
12,246,3,2
12,247,3,1
12,248,3,2
12,249,3,1
12,249,3,2
12,250,3,0
12,250,3,2
12,250,3,3
12,251,3,0
12,251,3,1
12,252,3,1
12,252,3,2
12,253,3,1
12,254,3,2
12,255,3,1
12,256,3,0
12,256,3,2
12,257,3,1
12,257,3,2
12,258,3,0
12,258,3,1
12,259,3,1
12,259,3,2
12,260,3,1
12,261,3,2
12,262,3,1
12,263,3,2
12,264,3,1
12,264,3,2
12,265,3,0
12,265,3,2
12,265,3,3
12,266,3,0
12,266,3,1
12,267,3,1
12,267,3,2
12,268,3,1
12,269,3,0
12,269,3,2
12,270,3,1
12,271,3,0
12,271,3,2
12,272,3,1
12,272,3,2
12,273,3,0
12,273,3,1
12,274,3,1
12,274,3,2
12,275,3,1
12,276,3,0
12,276,3,2
12,277,3,1
12,278,3,2
12,279,3,1
12,279,3,2
12,280,3,0
12,280,3,1
12,281,3,1
12,281,3,2
12,282,3,1
12,283,3,2
12,284,3,0
12,284,3,1
12,285,3,1
12,285,3,2
12,286,3,1
12,287,3,2
12,288,3,1
12,289,3,2
12,290,3,1
12,290,3,2
12,291,3,0
12,291,3,2
12,291,3,3
12,292,3,0
12,292,3,1
12,293,3,1
12,293,3,2
12,294,3,1
12,295,3,0
12,295,3,2
12,296,3,1
12,297,3,0
12,297,3,2
12,298,3,1
12,298,3,2
12,299,3,0
12,299,3,1
12,300,3,1
12,300,3,2
12,301,3,1
12,302,3,0
12,302,3,2
12,303,3,1
12,304,3,0
12,304,3,2
12,305,3,1
12,305,3,2
12,306,3,0
12,306,3,1
12,307,3,0
12,307,3,1
12,307,3,2
12,308,3,1
12,309,3,2
12,309,3,3
12,310,3,0
12,310,3,1
12,311,3,1
12,311,3,2
12,312,3,1
12,313,3,0
12,313,3,2
12,314,3,1
12,315,3,0
12,315,3,2
12,316,3,1
12,316,3,2
12,317,3,0
12,317,3,1
12,318,3,0
12,318,3,1
12,318,3,2
12,319,3,1
12,320,3,2
12,320,3,3
12,321,3,1
12,321,3,3
12,322,3,2
12,322,3,3
12,323,3,1
12,323,3,2
12,323,3,3
12,324,3,2
12,324,3,3
12,325,3,0
12,325,3,1
12,326,3,1
12,326,3,2
12,327,3,1
12,328,3,2
12,329,3,1
12,330,3,2
12,331,3,1
12,331,3,2
12,332,3,0
12,332,3,2
12,332,3,3
12,333,3,0
12,333,3,1
12,334,3,1
12,334,3,2
12,335,3,1
12,336,3,0
12,336,3,2
12,337,3,1
12,338,3,2
12,339,3,1
12,339,3,2
12,340,3,0
12,340,3,1
12,341,3,1
12,341,3,2
12,342,3,1
12,343,3,0
12,343,3,2
12,344,3,1
12,345,3,0
12,345,3,2
12,346,3,1
12,346,3,2
12,347,3,0
12,347,3,1
12,348,3,0
12,348,3,1
12,348,3,2
12,349,3,1
12,350,3,2
12,350,3,3
12,351,3,0
12,351,3,1
12,352,3,1
12,352,3,2
12,353,3,1
12,354,3,0
12,354,3,2
12,355,3,1
12,356,3,0
12,356,3,2
12,357,3,1
12,357,3,2
12,358,3,0
12,358,3,1
12,359,3,0
12,359,3,1
12,359,3,2
12,360,3,1
12,361,3,2
12,361,3,3
12,362,3,1
12,362,3,3
12,363,3,2
12,363,3,3
12,364,3,1
12,364,3,2
12,364,3,3
12,365,3,2
12,365,3,3
12,366,3,1
12,367,3,2
12,367,3,3
12,368,3,1
12,368,3,3
12,369,3,2
12,369,3,3
12,370,3,1
12,370,3,2
12,370,3,3
12,371,3,2
12,371,3,3
12,372,3,0
12,372,3,1
12,372,3,3
12,373,3,1
12,373,3,2
12,374,3,1
12,374,3,3
12,375,3,2
12,376,3,1
12,376,3,3
12,377,3,2
12,378,3,1
12,378,3,2
12,379,3,2
12,379,3,3
12,380,3,0
12,380,3,1
12,381,3,1
12,381,3,2
12,382,3,1
12,383,3,2
12,384,3,1
12,385,3,2
12,386,3,1
12,386,3,2
12,387,3,2
12,387,3,3
12,388,3,0
12,388,3,1
12,389,3,1
12,389,3,2
12,390,3,1
12,391,3,2
12,392,3,1
12,393,3,2
12,394,3,1
12,394,3,2
12,395,3,0
12,395,3,2
12,395,3,3
12,396,3,0
12,396,3,1
12,397,3,1
12,397,3,2
12,398,3,1
12,399,3,2
12,400,3,1
12,401,3,2
12,402,3,1
12,402,3,2
12,403,3,0
12,403,3,2
12,403,3,3
12,404,3,0
12,404,3,1
12,405,3,1
12,405,3,2
12,406,3,1
12,407,3,2
12,408,3,1
12,409,3,2
12,410,3,0
12,410,3,1
12,410,3,2
12,411,3,0
12,411,3,1
12,412,3,1
12,412,3,2
12,413,3,1
12,414,3,2
12,415,3,1
12,416,3,2
12,417,3,1
12,417,3,2
12,418,3,0
12,418,3,2
12,418,3,3
12,419,3,0
12,419,3,1
12,420,3,1
12,420,3,2
12,421,3,1
12,422,3,0
12,422,3,2
12,423,3,1
12,424,3,2
12,425,3,0
12,425,3,1
12,425,3,2
12,426,3,0
12,426,3,1
12,427,3,1
12,427,3,2
12,428,3,1
12,429,3,0
12,429,3,2
12,430,3,1
12,431,3,2
12,432,3,1
12,432,3,2
12,433,3,2
12,433,3,3
12,434,3,0
12,434,3,1
12,435,3,1
12,435,3,2
12,436,3,1
12,437,3,0
12,437,3,1
12,438,3,1
12,438,3,2
12,439,3,1
12,440,3,2
12,441,3,1
12,442,3,2
12,443,3,1
12,443,3,2
12,444,3,0
12,444,3,2
12,444,3,3
12,445,3,0
12,445,3,1
12,446,3,1
12,446,3,2
12,447,3,1
12,448,3,0
12,448,3,2
12,449,3,1
12,450,3,0
12,450,3,2
12,451,3,0
12,451,3,1
12,451,3,2
12,452,3,0
12,452,3,1
12,453,3,1
12,453,3,2
12,454,3,1
12,455,3,0
12,455,3,2
12,456,3,1
12,457,3,0
12,457,3,2
12,458,3,0
12,458,3,1
12,458,3,2
12,459,3,0
12,459,3,1
12,460,3,0
12,460,3,1
12,460,3,2
12,461,3,1
12,462,3,0
12,462,3,1
12,463,3,1
12,463,3,2
12,464,3,1
12,465,3,0
12,465,3,2
12,466,3,1
12,467,3,0
12,467,3,2
12,468,3,0
12,468,3,1
12,468,3,2
12,469,3,0
12,469,3,1
12,470,3,0
12,470,3,1
12,470,3,2
12,471,3,1
12,472,3,2
12,472,3,3
12,473,3,0
12,473,3,1
12,474,3,1
12,474,3,2
12,475,3,1
12,476,3,2
12,477,3,1
12,478,3,2
12,479,3,1
12,479,3,2
12,480,3,0
12,480,3,2
12,480,3,3
12,481,3,0
12,481,3,1
12,482,3,1
12,482,3,2
12,483,3,1
12,484,3,0
12,484,3,2
12,485,3,1
12,486,3,2
12,487,3,0
12,487,3,1
12,487,3,2
12,488,3,0
12,488,3,1
12,489,3,1
12,489,3,2
12,490,3,1
12,491,3,0
12,491,3,2
12,492,3,1
12,493,3,0
12,493,3,2
12,494,3,0
12,494,3,1
12,494,3,2
12,495,3,0
12,495,3,1
12,496,3,0
12,496,3,1
12,496,3,2
12,497,3,0
12,497,3,1
12,498,3,0
12,498,3,1
12,499,3,1
12,499,3,2
12,500,3,1
12,501,3,0
12,501,3,2
12,502,3,1
12,503,3,0
12,503,3,2
12,504,3,0
12,504,3,1
12,504,3,2
12,505,3,0
12,505,3,1
12,506,3,0
12,506,3,1
12,506,3,2
12,507,3,0
12,507,3,1
12,508,3,2
12,508,3,3
12,509,3,1
12,509,3,2
12,509,3,3
12,510,3,2
12,510,3,3
12,511,3,1
12,511,3,2
12,511,3,3
12,512,3,1
12,512,3,3
12,513,3,2
12,514,3,1
12,514,3,3
12,515,3,2
12,516,3,1
12,516,3,2
12,517,3,2
12,517,3,3
12,518,3,2
12,518,3,3
12,519,3,1
12,519,3,2
12,519,3,3
12,520,3,2
12,520,3,3
12,521,3,1
12,521,3,2
12,521,3,3
12,522,3,1
12,522,3,3
12,523,3,2
12,524,3,1
12,524,3,3
12,525,3,2
12,526,3,1
12,526,3,2
12,527,3,2
12,527,3,3
12,528,3,1
12,528,3,2
12,528,3,3
12,529,3,1
12,530,3,2
12,531,3,1
12,531,3,3
12,532,3,2
12,533,3,1
12,533,3,2
12,534,3,2
12,534,3,3
12,535,3,0
12,535,3,1
12,535,3,3
12,536,3,1
12,536,3,2
12,537,3,1
12,538,3,2
12,539,3,1
12,540,3,2
12,541,3,1
12,541,3,2
12,542,3,2
12,542,3,3
12,543,3,0
12,543,3,1
12,544,3,2
12,545,3,1
12,545,3,2
12,545,3,3
12,546,3,2
12,546,3,3
12,547,3,1
12,547,3,2
12,547,3,3
12,548,3,1
12,548,3,3
12,549,3,2
12,550,3,1
12,550,3,3
12,551,3,2
12,552,3,1
12,552,3,2
12,553,3,2
12,553,3,3
12,554,3,2
12,555,3,1
12,555,3,2
12,555,3,3
12,556,3,2
12,556,3,3
12,557,3,1
12,557,3,2
12,557,3,3
12,558,3,1
12,558,3,3
12,559,3,2
12,560,3,1
12,560,3,3
12,561,3,2
12,562,3,1
12,562,3,2
12,563,3,2
12,563,3,3
12,564,3,1
12,564,3,2
12,564,3,3
12,565,3,1
12,565,3,3
12,566,3,2
12,567,3,1
12,567,3,3
12,568,3,2
12,569,3,1
12,569,3,2
12,570,3,2
12,570,3,3
12,571,3,0
12,571,3,1
12,571,3,3
12,572,3,1
12,572,3,2
12,573,3,1
12,574,3,2
12,575,3,1
12,576,3,2
12,577,3,1
12,577,3,2
12,578,3,2
12,578,3,3
12,579,3,2
12,580,3,1
12,580,3,2
12,581,3,2
12,581,3,3
12,582,3,0
12,582,3,1
12,583,3,1
12,583,3,2
12,584,3,1
12,585,3,2
12,586,3,1
12,586,3,3
12,587,3,2
12,588,3,1
12,588,3,2
12,589,3,2
12,589,3,3
12,590,3,1
12,590,3,2
12,590,3,3
12,591,3,1
12,592,3,2
12,593,3,1
12,593,3,3
12,594,3,2
12,595,3,1
12,595,3,2
12,596,3,2
12,596,3,3
12,597,3,0
12,597,3,1
12,597,3,3
12,598,3,1
12,598,3,2
12,599,3,1
12,600,3,2
12,601,3,1
12,602,3,2
12,603,3,1
12,603,3,2
12,604,3,2
12,604,3,3
12,605,3,1
12,605,3,2
12,605,3,3
12,606,3,1
12,607,3,2
12,608,3,1
12,609,3,2
12,610,3,1
12,610,3,2
12,611,3,2
12,611,3,3
12,612,3,0
12,612,3,1
12,612,3,3
12,613,3,1
12,613,3,2
12,614,3,1
12,615,3,2
12,616,3,1
12,617,3,2
12,618,3,1
12,618,3,2
12,619,3,2
12,619,3,3
12,620,3,0
12,620,3,1
12,620,3,3
12,621,3,1
12,621,3,2
12,622,3,1
12,623,3,2
12,624,3,1
12,625,3,2
12,626,3,1
12,626,3,2
12,627,3,2
12,627,3,3
12,628,3,0
12,628,3,1
12,629,3,1
12,629,3,2
12,630,3,1
12,631,3,2
12,632,3,1
12,633,3,2
12,634,3,1
12,634,3,2
12,635,3,2
12,635,3,3
12,636,3,0
12,636,3,1
12,637,3,1
12,637,3,2
12,638,3,1
12,639,3,0
12,639,3,2
12,640,3,1
12,641,3,0
12,641,3,2
12,642,3,1
12,642,3,2
12,643,3,0
12,643,3,2
12,643,3,3
12,644,3,0
12,644,3,1
12,645,3,0
12,645,3,1
12,645,3,2
12,646,3,0
12,646,3,1
12,647,3,0
12,647,3,2
12,648,3,0
12,648,3,1
12,649,3,2
12,650,3,0
12,650,3,1
12,651,3,0
12,651,3,1
12,651,3,2
12,652,3,0
12,652,3,1
12,653,3,0
12,653,3,2
12,654,3,0
12,654,3,1
12,655,3,2
12,656,3,1
12,656,3,2
12,656,3,3
12,657,3,2
12,657,3,3
12,658,3,1
12,658,3,2
12,659,3,1
12,659,3,3
12,660,3,2
12,661,3,1
12,661,3,3
12,662,3,2
12,663,3,1
12,663,3,2
12,664,3,2
12,664,3,3
12,665,3,0
12,665,3,1
12,666,3,2
12,667,3,1
12,667,3,2
12,667,3,3
12,668,3,2
12,668,3,3
12,669,3,1
12,669,3,2
12,670,3,1
12,670,3,3
12,671,3,2
12,672,3,1
12,672,3,3
12,673,3,2
12,674,3,1
12,674,3,2
12,675,3,2
12,675,3,3
12,676,3,1
12,676,3,2
12,677,3,1
12,678,3,2
12,679,3,1
12,679,3,3
12,680,3,2
12,681,3,1
12,681,3,2
12,682,3,2
12,682,3,3
12,683,3,0
12,683,3,1
12,683,3,3
12,684,3,1
12,684,3,2
12,685,3,1
12,686,3,2
12,687,3,1
12,688,3,2
12,689,3,1
12,689,3,2
12,690,3,2
12,690,3,3
12,691,3,0
12,691,3,1
12,692,3,0
12,692,3,1
12,692,3,2
12,693,3,0
12,693,3,1
12,694,3,0
12,694,3,2
12,695,3,0
12,695,3,1
12,696,3,2
12,697,3,1
12,697,3,2
12,697,3,3
12,698,3,2
12,698,3,3
12,699,3,1
12,699,3,2
12,700,3,1
12,700,3,3
12,701,3,2
12,702,3,1
12,702,3,3
12,703,3,2
12,704,3,1
12,704,3,2
12,705,3,2
12,705,3,3
12,706,3,0
12,706,3,1
12,707,3,2
12,708,3,1
12,708,3,2
12,708,3,3
12,709,3,2
12,709,3,3
12,710,3,1
12,710,3,2
12,711,3,1
12,711,3,3
12,712,3,2
12,713,3,1
12,713,3,3
12,714,3,2
12,715,3,1
12,715,3,2
12,716,3,2
12,716,3,3
12,717,3,1
12,717,3,2
12,718,3,1
12,718,3,3
12,719,3,2
12,720,3,1
12,720,3,3
12,721,3,2
12,722,3,1
12,722,3,2
12,723,3,2
12,723,3,3
12,724,3,0
12,724,3,1
12,724,3,3
12,725,3,1
12,725,3,2
12,726,3,1
12,727,3,2
12,728,3,1
12,729,3,2
12,730,3,1
12,730,3,2
12,731,3,2
12,731,3,3
12,732,3,1
12,733,3,2
12,734,3,1
12,734,3,2
12,735,3,2
12,735,3,3
12,736,3,1
12,736,3,2
12,737,3,1
12,738,3,2
12,739,3,1
12,739,3,3
12,740,3,2
12,741,3,1
12,741,3,2
12,742,3,2
12,742,3,3
12,743,3,1
12,743,3,2
12,744,3,1
12,744,3,3
12,745,3,2
12,746,3,1
12,746,3,3
12,747,3,2
12,748,3,1
12,748,3,2
12,749,3,2
12,749,3,3
12,750,3,0
12,750,3,1
12,750,3,3
12,751,3,1
12,751,3,2
12,752,3,1
12,753,3,2
12,754,3,1
12,755,3,2
12,756,3,1
12,756,3,2
12,757,3,2
12,757,3,3
12,758,3,1
12,758,3,2
12,759,3,1
12,759,3,3
12,760,3,2
12,761,3,1
12,762,3,2
12,763,3,1
12,763,3,2
12,764,3,2
12,764,3,3
12,765,3,0
12,765,3,1
12,765,3,3
12,766,3,1
12,766,3,2
12,767,3,1
12,768,3,2
12,769,3,1
12,770,3,2
12,771,3,1
12,771,3,2
12,772,3,2
12,772,3,3
12,773,3,0
12,773,3,1
12,773,3,3
12,774,3,1
12,774,3,2
12,775,3,1
12,776,3,2
12,777,3,1
12,778,3,2
12,779,3,1
12,779,3,2
12,780,3,2
12,780,3,3
12,781,3,0
12,781,3,1
12,782,3,1
12,782,3,2
12,783,3,1
12,784,3,2
12,785,3,1
12,786,3,2
12,787,3,1
12,787,3,2
12,788,3,2
12,788,3,3
12,789,3,0
12,789,3,1
12,790,3,1
12,790,3,2
12,791,3,1
12,792,3,0
12,792,3,2
12,793,3,1
12,794,3,2
12,795,3,1
12,795,3,2
12,796,3,2
12,796,3,3
12,797,3,0
12,797,3,1
12,798,3,1
12,798,3,2
12,799,3,1
12,800,3,2
12,801,3,1
12,801,3,3
12,802,3,2
12,803,3,1
12,803,3,2
12,804,3,2
12,804,3,3
12,805,3,0
12,805,3,1
12,806,3,1
12,806,3,2
12,807,3,1
12,808,3,0
12,808,3,2
12,809,3,1
12,810,3,2
12,811,3,1
12,811,3,2
12,812,3,2
12,812,3,3
12,813,3,0
12,813,3,1
12,814,3,1
12,814,3,2
12,815,3,1
12,816,3,2
12,817,3,1
12,817,3,3
12,818,3,2
12,819,3,1
12,819,3,2
12,820,3,2
12,820,3,3
12,821,3,1
12,821,3,2
12,822,3,1
12,823,3,2
12,824,3,1
12,824,3,3
12,825,3,2
12,826,3,1
12,826,3,2
12,827,3,2
12,827,3,3
12,828,3,0
12,828,3,1
12,828,3,3
12,829,3,1
12,829,3,2
12,830,3,1
12,831,3,2
12,832,3,1
12,833,3,2
12,834,3,1
12,834,3,2
12,835,3,2
12,835,3,3
12,836,3,1
12,837,3,2
12,838,3,1
12,838,3,2
12,839,3,2
12,839,3,3
12,840,3,0
12,840,3,1
12,841,3,1
12,841,3,2
12,842,3,1
12,843,3,2
12,844,3,1
12,844,3,3
12,845,3,2
12,846,3,1
12,846,3,2
12,847,3,2
12,847,3,3
12,848,3,1
12,848,3,2
12,849,3,1
12,850,3,2
12,851,3,1
12,851,3,3
12,852,3,2
12,853,3,1
12,853,3,2
12,854,3,2
12,854,3,3
12,855,3,0
12,855,3,1
12,855,3,3
12,856,3,1
12,856,3,2
12,857,3,1
12,858,3,2
12,859,3,1
12,860,3,2
12,861,3,1
12,861,3,2
12,862,3,2
12,862,3,3
12,863,3,1
12,863,3,2
12,864,3,1
12,865,3,2
12,866,3,1
12,866,3,3
12,867,3,2
12,868,3,1
12,868,3,2
12,869,3,2
12,869,3,3
12,870,3,0
12,870,3,1
12,870,3,3
12,871,3,1
12,871,3,2
12,872,3,1
12,873,3,2
12,874,3,1
12,875,3,2
12,876,3,1
12,876,3,2
12,877,3,2
12,877,3,3
12,878,3,0
12,878,3,1
12,878,3,3
12,879,3,1
12,879,3,2
12,880,3,1
12,881,3,2
12,882,3,1
12,883,3,2
12,884,3,1
12,884,3,2
12,885,3,2
12,885,3,3
12,886,3,0
12,886,3,1
12,887,3,1
12,887,3,2
12,888,3,1
12,889,3,2
12,890,3,1
12,891,3,2
12,892,3,1
12,892,3,2
12,893,3,2
12,893,3,3
12,894,3,1
12,895,3,2
12,896,3,1
12,896,3,2
12,897,3,2
12,897,3,3
12,898,3,0
12,898,3,1
12,899,3,1
12,899,3,2
12,900,3,1
12,901,3,2
12,902,3,1
12,903,3,2
12,904,3,1
12,904,3,2
12,905,3,2
12,905,3,3
12,906,3,0
12,906,3,1
12,907,3,1
12,907,3,2
12,908,3,1
12,909,3,2
12,910,3,1
12,911,3,2
12,912,3,1
12,912,3,2
12,913,3,2
12,913,3,3
12,914,3,0
12,914,3,1
12,914,3,3
12,915,3,1
12,915,3,2
12,916,3,1
12,917,3,2
12,918,3,1
12,919,3,2
12,920,3,1
12,920,3,2
12,921,3,2
12,921,3,3
12,922,3,1
12,922,3,2
12,923,3,1
12,924,3,2
12,925,3,1
12,926,3,2
12,927,3,1
12,927,3,2
12,928,3,2
12,928,3,3
12,929,3,0
12,929,3,1
12,929,3,3
12,930,3,1
12,930,3,2
12,931,3,1
12,932,3,2
12,933,3,1
12,934,3,2
12,935,3,1
12,935,3,2
12,936,3,2
12,936,3,3
12,937,3,0
12,937,3,1
12,937,3,3
12,938,3,1
12,938,3,2
12,939,3,1
12,940,3,2
12,941,3,1
12,942,3,2
12,943,3,1
12,943,3,2
12,944,3,2
12,944,3,3
12,945,3,0
12,945,3,1
12,946,3,1
12,946,3,2
12,947,3,1
12,948,3,2
12,949,3,1
12,950,3,2
12,951,3,1
12,951,3,2
12,952,3,2
12,952,3,3
12,953,3,1
12,953,3,2
12,954,3,1
12,955,3,2
12,956,3,1
12,957,3,2
12,958,3,1
12,958,3,2
12,959,3,2
12,959,3,3
12,960,3,0
12,960,3,1
12,961,3,1
12,961,3,2
12,962,3,1
12,963,3,2
12,964,3,1
12,965,3,2
12,966,3,1
12,966,3,2
12,967,3,2
12,967,3,3
12,968,3,0
12,968,3,1
12,968,3,3
12,969,3,1
12,969,3,2
12,970,3,1
12,971,3,2
12,972,3,1
12,973,3,2
12,974,3,1
12,974,3,2
12,975,3,2
12,975,3,3
12,976,3,0
12,976,3,1
12,977,3,1
12,977,3,2
12,978,3,1
12,979,3,2
12,980,3,1
12,981,3,2
12,982,3,1
12,982,3,2
12,983,3,2
12,983,3,3
12,984,3,0
12,984,3,1
12,984,3,3
12,985,3,1
12,985,3,2
12,986,3,1
12,987,3,2
12,988,3,1
12,989,3,2
12,990,3,1
12,990,3,2
12,991,3,2
12,991,3,3
12,992,3,0
12,992,3,1
12,993,3,1
12,993,3,2
12,994,3,1
12,995,3,2
12,996,3,1
12,997,3,2
12,998,3,1
12,998,3,2
12,999,3,2
12,999,3,3
12,1000,3,0
12,1000,3,1
12,1001,3,1
12,1001,3,2
12,1002,3,1
12,1003,3,2
12,1004,3,1
12,1005,3,2
12,1006,3,1
12,1006,3,2
12,1007,3,2
12,1007,3,3
12,1008,3,0
12,1008,3,1
12,1009,3,1
12,1009,3,2
12,1010,3,1
12,1011,3,2
12,1012,3,1
12,1013,3,2
12,1014,3,1
12,1014,3,2
12,1015,3,2
12,1015,3,3
13,0,2,0
13,3,2,1
13,4,2,0
13,7,2,1
13,8,2,0
13,11,2,1
13,12,2,0
13,15,2,1
13,16,2,0
13,19,2,1
13,20,2,0
13,23,2,1
13,24,2,0
13,27,2,1
13,28,2,0
13,31,2,1
13,32,2,0
13,35,2,1
13,36,2,0
13,39,2,1
13,40,2,0
13,43,2,1
13,44,2,0
13,47,2,1
13,48,2,0
13,51,2,1
13,52,2,0
13,55,2,1
13,56,2,0
13,59,2,1
13,60,2,0
13,63,2,0
13,63,2,1
13,64,2,0
13,67,2,1
13,68,2,0
13,71,2,1
13,72,2,0
13,75,2,1
13,76,2,0
13,79,2,1
13,80,2,0
13,83,2,1
13,84,2,0
13,87,2,1
13,88,2,0
13,91,2,1
13,92,2,0
13,95,2,0
13,95,2,1
13,96,2,0
13,99,2,1
13,100,2,0
13,103,2,1
13,104,2,0
13,107,2,1
13,108,2,0
13,111,2,1
13,112,2,0
13,115,2,1
13,116,2,0
13,119,2,1
13,120,2,0
13,123,2,1
13,124,2,0
13,126,2,0
13,129,2,1
13,130,2,0
13,133,2,1
13,134,2,0
13,137,2,1
13,138,2,0
13,141,2,1
13,142,2,0
13,145,2,1
13,146,2,0
13,149,2,1
13,150,2,0
13,153,2,1
13,154,2,0
13,157,2,0
13,157,2,1
13,158,2,0
13,161,2,1
13,162,2,0
13,165,2,1
13,166,2,0
13,169,2,1
13,170,2,0
13,173,2,0
13,173,2,1
13,174,2,0
13,177,2,1
13,178,2,0
13,181,2,1
13,182,2,0
13,185,2,1
13,186,2,0
13,188,2,0
13,191,2,1
13,192,2,0
13,195,2,1
13,196,2,0
13,199,2,1
13,200,2,0
13,203,2,0
13,203,2,1
13,204,2,0
13,207,2,1
13,208,2,0
13,211,2,1
13,212,2,0
13,215,2,1
13,216,2,0
13,219,2,1
13,220,2,0
13,223,2,1
13,224,2,0
13,227,2,1
13,228,2,0
13,231,2,1
13,232,2,0
13,235,2,1
13,236,2,0
13,239,2,1
13,240,2,0
13,243,2,1
13,244,2,0
13,247,2,1
13,248,2,0
13,251,2,1
13,252,2,0
13,255,2,1
13,256,2,0
13,259,2,1
13,260,2,0
13,263,2,1
13,264,2,0
13,267,2,1
13,268,2,0
13,271,2,1
13,272,2,0
13,275,2,0
13,275,2,1
13,276,2,0
13,279,2,1
13,280,2,0
13,283,2,1
13,284,2,0
13,287,2,1
13,288,2,0
13,291,2,0
13,291,2,1
13,292,2,0
13,295,2,1
13,296,2,0
13,299,2,0
13,299,2,1
13,300,2,0
13,303,2,1
13,304,2,0
13,306,2,0
13,309,2,1
13,310,2,0
13,313,2,1
13,314,2,0
13,317,2,1
13,318,2,0
13,321,2,0
13,321,2,1
13,322,2,0
13,325,2,1
13,326,2,0
13,329,2,0
13,329,2,1
13,330,2,0
13,333,2,1
13,334,2,0
13,336,2,0
13,339,2,1
13,340,2,0
13,343,2,0
13,343,2,1
13,344,2,0
13,347,2,1
13,348,2,0
13,351,2,1
13,352,2,0
13,355,2,1
13,356,2,0
13,359,2,1
13,360,2,0
13,363,2,1
13,364,2,0
13,367,2,1
13,368,2,0
13,371,2,1
13,372,2,0
13,375,2,0
13,375,2,1
13,376,2,0
13,379,2,1
13,380,2,0
13,383,2,0
13,383,2,1
13,384,2,0
13,387,2,1
13,388,2,0
13,390,2,0
13,393,2,1
13,394,2,0
13,397,2,0
13,397,2,1
13,398,2,0
13,401,2,1
13,402,2,0
13,405,2,1
13,406,2,0
13,409,2,1
13,410,2,0
13,413,2,1
13,414,2,0
13,414,2,1
13,417,2,1
13,418,2,0
13,421,2,1
13,422,2,0
13,425,2,1
13,426,2,0
13,429,2,0
13,429,2,1
13,430,2,0
13,433,2,1
13,434,2,0
13,437,2,1
13,438,2,0
13,441,2,1
13,442,2,0
13,445,2,1
13,446,2,0
13,446,2,1
13,449,2,1
13,450,2,0
13,453,2,1
13,454,2,0
13,457,2,1
13,458,2,0
13,461,2,1
13,462,2,0
13,465,2,1
13,466,2,0
13,469,2,1
13,470,2,0
13,473,2,1
13,474,2,0
13,477,2,1
13,478,2,0
13,481,2,1
13,482,2,0
13,485,2,0
13,485,2,1
13,486,2,0
13,489,2,1
13,490,2,0
13,493,2,1
13,494,2,0
13,497,2,1
13,498,2,0
13,501,2,0
13,501,2,1
13,502,2,0
13,505,2,1
13,506,2,0
13,509,2,1
13,510,2,0
13,513,2,0
13,513,2,1
13,514,2,0
13,516,2,0
13,519,2,1
13,520,2,0
13,523,2,1
13,524,2,0
13,527,2,1
13,528,2,0
13,531,2,0
13,531,2,1
13,532,2,0
13,535,2,1
13,536,2,0
13,539,2,0
13,539,2,1
13,540,2,0
13,543,2,0
13,543,2,1
13,544,2,0
13,546,2,0
13,549,2,1
13,550,2,0
13,553,2,0
13,553,2,1
13,554,2,0
13,557,2,1
13,558,2,0
13,560,2,0
13,563,2,1
13,564,2,0
13,567,2,1
13,568,2,0
13,571,2,1
13,572,2,0
13,575,2,1
13,576,2,0
13,579,2,1
13,580,2,0
13,583,2,0
13,583,2,1
13,584,2,0
13,587,2,1
13,588,2,0
13,591,2,0
13,591,2,1
13,592,2,0
13,595,2,0
13,595,2,1
13,596,2,0
13,598,2,0
13,601,2,1
13,602,2,0
13,605,2,0
13,605,2,1
13,606,2,0
13,609,2,0
13,609,2,1
13,610,2,0
13,612,2,0
13,615,2,0
13,615,2,1
13,616,2,0
13,618,2,1
13,619,2,1
13,620,2,0
13,623,2,1
13,624,2,0
13,627,2,0
13,627,2,1
13,628,2,0
13,631,2,0
13,631,2,1
13,632,2,0
13,634,2,0
13,637,2,0
13,637,2,1
13,638,2,0
13,640,2,1
13,641,2,1
13,643,2,1
13,644,2,1
13,645,2,0
13,645,2,1
13,648,2,1
13,649,2,0
13,652,2,1
13,653,2,0
13,656,2,1
13,657,2,0
13,660,2,1
13,661,2,0
13,664,2,0
13,664,2,1
13,665,2,0
13,668,2,1
13,669,2,0
13,672,2,0
13,672,2,1
13,673,2,0
13,676,2,1
13,677,2,0
13,679,2,0
13,682,2,1
13,683,2,0
13,686,2,0
13,686,2,1
13,687,2,0
13,690,2,0
13,690,2,1
13,691,2,0
13,693,2,0
13,696,2,0
13,696,2,1
13,697,2,0
13,699,2,1
13,700,2,1
13,701,2,0
13,704,2,1
13,705,2,0
13,708,2,0
13,708,2,1
13,709,2,0
13,712,2,0
13,712,2,1
13,713,2,0
13,715,2,0
13,718,2,0
13,718,2,1
13,719,2,0
13,721,2,1
13,722,2,1
13,724,2,1
13,725,2,1
13,726,2,0
13,726,2,1
13,729,2,1
13,730,2,0
13,732,2,1
13,733,2,1
13,735,2,1
13,736,2,1
13,737,2,0
13,737,2,1
13,740,2,1
13,743,2,1
13,744,2,0
13,744,2,1
13,747,2,1
13,748,2,0
13,748,2,1
13,751,2,1
13,752,2,0
13,755,2,1
13,756,2,0
13,759,2,1
13,760,2,0
13,763,2,1
13,764,2,0
13,767,2,1
13,768,2,0
13,771,2,1
13,772,2,0
13,775,2,1
13,776,2,0
13,779,2,1
13,780,2,0
13,783,2,1
13,784,2,0
13,787,2,0
13,787,2,1
13,788,2,0
13,791,2,1
13,792,2,0
13,795,2,1
13,796,2,0
13,799,2,1
13,800,2,0
13,803,2,0
13,803,2,1
13,804,2,0
13,807,2,1
13,808,2,0
13,811,2,1
13,812,2,0
13,815,2,1
13,816,2,0
13,817,2,0
13,818,2,0
13,821,2,1
13,822,2,0
13,825,2,1
13,826,2,0
13,829,2,1
13,830,2,0
13,833,2,0
13,833,2,1
13,834,2,0
13,837,2,1
13,838,2,0
13,841,2,0
13,841,2,1
13,842,2,0
13,845,2,1
13,846,2,0
13,847,2,0
13,848,2,0
13,851,2,1
13,852,2,0
13,855,2,0
13,855,2,1
13,856,2,0
13,859,2,1
13,860,2,0
13,863,2,1
13,864,2,0
13,867,2,1
13,868,2,0
13,870,2,0
13,873,2,1
13,874,2,0
13,877,2,1
13,878,2,0
13,881,2,1
13,882,2,0
13,885,2,0
13,885,2,1
13,886,2,0
13,889,2,1
13,890,2,0
13,893,2,0
13,893,2,1
13,894,2,0
13,897,2,0
13,897,2,1
13,898,2,0
13,899,2,0
13,900,2,0
13,903,2,1
13,904,2,0
13,907,2,0
13,907,2,1
13,908,2,0
13,911,2,0
13,911,2,1
13,912,2,0
13,913,2,0
13,914,2,0
13,917,2,0
13,917,2,1
13,918,2,0
13,920,2,0
13,923,2,1
13,924,2,0
13,927,2,0
13,927,2,1
13,928,2,0
13,931,2,0
13,931,2,1
13,932,2,0
13,933,2,0
13,934,2,0
13,937,2,0
13,937,2,1
13,938,2,0
13,940,2,1
13,941,2,1
13,942,2,0
13,945,2,1
13,946,2,0
13,949,2,1
13,950,2,0
13,953,2,1
13,954,2,0
13,957,2,0
13,957,2,1
13,958,2,0
13,961,2,1
13,962,2,0
13,965,2,0
13,965,2,1
13,966,2,0
13,969,2,1
13,970,2,0
13,971,2,0
13,972,2,0
13,975,2,1
13,976,2,0
13,979,2,0
13,979,2,1
13,980,2,0
13,983,2,0
13,983,2,1
13,984,2,0
13,985,2,0
13,986,2,0
13,989,2,0
13,989,2,1
13,990,2,0
13,991,2,0
13,992,2,0
13,995,2,1
13,996,2,0
13,999,2,0
13,999,2,1
13,1000,2,0
13,1003,2,0
13,1003,2,1
13,1004,2,0
13,1005,2,0
13,1006,2,0
13,1009,2,0
13,1009,2,1
13,1010,2,0
13,1011,2,0
13,1012,2,1
13,1013,2,1
13,1014,2,0
13,1014,2,1
13,1017,2,1
13,1018,2,1
13,1019,2,1
13,1020,2,0
13,1020,2,1
13,1023,2,1
13,1024,2,0
13,1024,2,1
13,1027,2,1
13,1028,2,0
13,1031,2,1
13,1032,2,1
13,1033,2,1
13,1034,2,0
13,1034,2,1
13,1037,2,1
13,1038,2,1
13,1039,2,1
13,1040,2,0
13,1040,2,1
13,1043,2,1
13,1044,2,0
13,1044,2,1
13,1047,2,1
13,1048,2,0
13,1051,2,1
13,1052,2,1
13,1053,2,1
13,1054,2,0
13,1057,2,1
13,1058,2,0
13,1058,2,1
13,1061,2,1
13,1062,2,0
13,1065,2,1
13,1066,2,0
13,1066,2,1
13,1069,2,1
13,1070,2,0
13,1073,2,1
13,1074,2,0
13,1077,2,1
13,1078,2,0
13,1081,2,1
13,1082,2,0
13,1083,2,0
13,1085,2,1
13,1086,2,0
13,1086,2,1
13,1089,2,1
13,1090,2,1
13,1091,2,1
13,1092,2,0
13,1092,2,1
13,1095,2,1
13,1096,2,0
13,1096,2,1
13,1099,2,1
13,1100,2,0
13,1103,2,1
13,1105,2,1
13,1106,2,0
13,1106,2,1
13,1109,2,1
13,1110,2,1
13,1111,2,1
13,1112,2,0
13,1112,2,1
13,1115,2,1
13,1116,2,0
13,1116,2,1
13,1119,2,1
13,1120,2,0
13,1123,2,1
13,1124,2,1
13,1125,2,1
13,1126,2,0
13,1126,2,1
13,1129,2,1
13,1130,2,0
13,1130,2,1
13,1133,2,1
13,1134,2,0
13,1137,2,1
13,1138,2,0
13,1138,2,1
13,1141,2,1
13,1142,2,0
13,1145,2,1
13,1146,2,0
13,1149,2,1
13,1150,2,0
13,1153,2,1
13,1155,2,1
13,1156,2,0
13,1159,2,1
13,1160,2,0
13,1163,2,1
13,1164,2,0
13,1167,2,1
13,1168,2,0
13,1168,2,1
13,1171,2,1
13,1172,2,0
13,1175,2,1
13,1176,2,1
13,1177,2,1
13,1178,2,0
13,1181,2,1
13,1182,2,0
13,1182,2,1
13,1185,2,1
13,1186,2,0
13,1189,2,1
13,1190,2,0
13,1190,2,1
13,1193,2,1
13,1194,2,0
13,1197,2,1
13,1198,2,0
13,1201,2,1
13,1202,2,0
13,1205,2,1
13,1206,2,1
13,1207,2,1
13,1208,2,0
13,1211,2,1
13,1212,2,0
13,1215,2,1
13,1216,2,0
13,1219,2,1
13,1220,2,0
13,1220,2,1
13,1223,2,1
13,1224,2,0
13,1227,2,1
13,1228,2,0
13,1231,2,1
13,1232,2,0
13,1235,2,1
13,1236,2,0
13,1236,2,1
13,1239,2,1
13,1240,2,0
13,1243,2,1
13,1244,2,0
13,1247,2,1
13,1248,2,0
13,1251,2,1
13,1252,2,0
13,1255,2,1
13,1256,2,0
13,1259,2,1
13,1260,2,0
13,1263,2,1
13,1264,2,0
13,1267,2,1
13,1268,2,0
13,1271,2,1
13,1272,2,0
13,1275,2,0
13,1275,2,1
13,1276,2,0
13,1279,2,0
13,1279,2,1
13,1280,2,0
13,1283,2,0
13,1286,2,0
13,1286,2,1
13,1287,2,0
13,1288,2,0
13,1290,2,0
13,1291,2,0
13,1293,2,1
13,1294,2,0
13,1297,2,0
13,1297,2,1
13,1298,2,0
13,1299,2,0
13,1301,2,0
13,1302,2,0
13,1304,2,1
13,1305,2,0
13,1305,2,1
13,1308,2,1
13,1310,2,1
13,1311,2,0
13,1311,2,1
13,1314,2,1
13,1315,2,0
13,1315,2,1
13,1318,2,1
13,1319,2,0
13,1322,2,1
13,1323,2,0
13,1324,2,0
13,1326,2,1
13,1327,2,0
13,1327,2,1
13,1330,2,1
13,1332,2,1
13,1333,2,0
13,1333,2,1
13,1336,2,1
13,1337,2,0
13,1337,2,1
13,1340,2,1
13,1341,2,0
13,1344,2,1
13,1346,2,1
13,1347,2,0
13,1350,2,1
13,1351,2,0
13,1351,2,1
13,1354,2,1
13,1355,2,0
13,1358,2,1
13,1359,2,0
13,1359,2,1
13,1362,2,1
13,1363,2,0
13,1366,2,1
13,1367,2,0
13,1370,2,1
13,1371,2,0
13,1374,2,1
13,1375,2,0
13,1378,2,0
13,1378,2,1
13,1379,2,0
13,1380,2,0
13,1382,2,0
13,1383,2,0
13,1385,2,1
13,1386,2,0
13,1386,2,1
13,1389,2,1
13,1391,2,1
13,1392,2,0
13,1392,2,1
13,1395,2,1
13,1396,2,0
13,1396,2,1
13,1399,2,1
13,1400,2,0
13,1403,2,1
13,1404,2,0
13,1405,2,0
13,1407,2,1
13,1408,2,0
13,1408,2,1
13,1411,2,1
13,1413,2,1
13,1414,2,0
13,1414,2,1
13,1417,2,1
13,1418,2,0
13,1418,2,1
13,1421,2,1
13,1422,2,0
13,1425,2,1
13,1427,2,1
13,1428,2,0
13,1428,2,1
13,1431,2,1
13,1432,2,0
13,1432,2,1
13,1435,2,1
13,1436,2,0
13,1439,2,1
13,1440,2,0
13,1440,2,1
13,1443,2,1
13,1444,2,0
13,1447,2,1
13,1448,2,0
13,1451,2,1
13,1452,2,0
13,1455,2,1
13,1456,2,0
13,1459,2,1
13,1460,2,0
13,1463,2,1
13,1465,2,1
13,1466,2,0
13,1469,2,1
13,1470,2,0
13,1470,2,1
13,1473,2,1
13,1474,2,0
13,1477,2,1
13,1479,2,1
13,1480,2,0
13,1480,2,1
13,1483,2,1
13,1484,2,0
13,1484,2,1
13,1487,2,1
13,1488,2,0
13,1491,2,1
13,1492,2,0
13,1492,2,1
13,1495,2,1
13,1496,2,0
13,1499,2,1
13,1500,2,0
13,1503,2,1
13,1504,2,0
13,1507,2,1
13,1509,2,1
13,1510,2,0
13,1510,2,1
13,1513,2,1
13,1514,2,0
13,1517,2,1
13,1518,2,0
13,1521,2,1
13,1522,2,0
13,1522,2,1
13,1525,2,1
13,1526,2,0
13,1529,2,1
13,1530,2,0
13,1533,2,1
13,1534,2,0
13,1537,2,1
13,1538,2,0
13,1538,2,1
13,1541,2,1
13,1542,2,0
13,1545,2,1
13,1546,2,0
13,1549,2,1
13,1550,2,0
13,1553,2,1
13,1554,2,0
13,1557,2,1
13,1558,2,0
13,1561,2,1
13,1562,2,0
13,1565,2,1
13,1566,2,0
13,1569,2,1
13,1570,2,0
13,1573,2,1
13,1574,2,0
13,1577,2,0
13,1577,2,1
13,1578,2,0
13,1581,2,1
13,1582,2,0
13,1585,2,1
13,1586,2,0
13,1589,2,1
13,1590,2,0
13,1593,2,1
13,1594,2,0
13,1594,2,1
13,1597,2,1
13,1598,2,0
13,1601,2,1
13,1602,2,0
13,1605,2,1
13,1606,2,0
13,1609,2,0
13,1609,2,1
13,1610,2,0
13,1613,2,1
13,1614,2,0
13,1617,2,1
13,1618,2,0
13,1621,2,1
13,1622,2,0
13,1625,2,1
13,1626,2,0
13,1626,2,1
13,1629,2,1
13,1630,2,0
13,1633,2,1
13,1635,2,1
13,1636,2,0
13,1639,2,1
13,1640,2,0
13,1640,2,1
13,1643,2,1
13,1644,2,0
13,1647,2,1
13,1648,2,0
13,1648,2,1
13,1651,2,1
13,1652,2,0
13,1655,2,1
13,1656,2,0
13,1659,2,1
13,1660,2,0
13,1663,2,1
13,1664,2,0
13,1667,2,1
13,1668,2,0
13,1671,2,1
13,1672,2,0
13,1675,2,1
13,1676,2,0
13,1679,2,1
13,1680,2,0
13,1680,2,1
13,1683,2,1
13,1684,2,0
13,1687,2,1
13,1689,2,1
13,1690,2,0
13,1693,2,1
13,1694,2,0
13,1694,2,1
13,1697,2,1
13,1698,2,0
13,1701,2,1
13,1702,2,0
13,1702,2,1
13,1705,2,1
13,1706,2,0
13,1709,2,1
13,1710,2,0
13,1713,2,1
13,1714,2,0
13,1717,2,1
13,1719,2,1
13,1720,2,0
13,1723,2,1
13,1724,2,0
13,1724,2,1
13,1727,2,1
13,1728,2,0
13,1731,2,1
13,1732,2,0
13,1732,2,1
13,1735,2,1
13,1736,2,0
13,1739,2,1
13,1740,2,0
13,1743,2,1
13,1744,2,0
13,1747,2,1
13,1748,2,0
13,1748,2,1
13,1751,2,1
13,1752,2,0
13,1755,2,1
13,1756,2,0
13,1759,2,1
13,1760,2,0
13,1763,2,1
13,1764,2,0
13,1767,2,1
13,1768,2,0
13,1771,2,1
13,1772,2,0
13,1775,2,1
13,1776,2,0
13,1779,2,1
13,1780,2,0
13,1783,2,1
13,1784,2,0
13,1787,2,1
13,1788,2,0
13,1791,2,1
13,1792,2,0
13,1795,2,1
13,1796,2,0
13,1799,2,1
13,1800,2,0
13,1803,2,1
13,1804,2,0
13,1807,2,1
13,1808,2,0
13,1811,2,1
13,1812,2,0
13,1815,2,1
13,1816,2,0
13,1819,2,1
13,1820,2,0
13,1820,2,1
13,1823,2,1
13,1824,2,0
13,1827,2,1
13,1828,2,0
13,1831,2,1
13,1832,2,0
13,1835,2,1
13,1837,2,1
13,1838,2,0
13,1841,2,1
13,1842,2,0
13,1845,2,1
13,1846,2,0
13,1849,2,1
13,1850,2,0
13,1850,2,1
13,1853,2,1
13,1854,2,0
13,1857,2,1
13,1858,2,0
13,1861,2,1
13,1862,2,0
13,1865,2,1
13,1866,2,0
13,1866,2,1
13,1869,2,1
13,1870,2,0
13,1873,2,1
13,1874,2,0
13,1877,2,1
13,1878,2,0
13,1881,2,1
13,1882,2,0
13,1885,2,1
13,1886,2,0
13,1889,2,1
13,1890,2,0
13,1893,2,1
13,1894,2,0
13,1897,2,1
13,1899,2,1
13,1900,2,0
13,1903,2,1
13,1904,2,0
13,1907,2,1
13,1908,2,0
13,1911,2,1
13,1912,2,0
13,1915,2,1
13,1916,2,0
13,1919,2,1
13,1920,2,0
13,1923,2,1
13,1924,2,0
13,1927,2,1
13,1928,2,0
13,1928,2,1
13,1931,2,1
13,1932,2,0
13,1935,2,1
13,1936,2,0
13,1939,2,1
13,1940,2,0
13,1943,2,1
13,1944,2,0
13,1947,2,1
13,1948,2,0
13,1951,2,1
13,1952,2,0
13,1955,2,1
13,1956,2,0
13,1959,2,1
13,1960,2,0
13,1960,2,1
13,1963,2,1
13,1964,2,0
13,1967,2,1
13,1968,2,0
13,1971,2,1
13,1972,2,0
13,1975,2,1
13,1976,2,0
13,1979,2,1
13,1980,2,0
13,1983,2,1
13,1984,2,0
13,1987,2,1
13,1988,2,0
13,1991,2,1
13,1992,2,0
13,1995,2,1
13,1996,2,0
13,1999,2,1
13,2000,2,0
13,2003,2,1
13,2004,2,0
13,2007,2,1
13,2008,2,0
13,2011,2,1
13,2012,2,0
13,2015,2,1
13,2016,2,0
13,2019,2,1
13,2020,2,0
13,2023,2,1
