7,0,5,0
7,0,5,1
7,0,5,2
7,0,5,3
7,0,5,4
7,0,5,5
7,1,5,0
7,1,5,1
7,1,5,5
7,1,5,6
7,1,5,8
7,2,5,0
7,2,5,2
7,2,5,3
7,2,5,5
7,3,5,0
7,3,5,3
7,3,5,6
7,3,5,8
7,4,5,0
7,4,5,3
7,4,5,4
7,4,5,5
7,5,5,0
7,5,5,1
7,5,5,5
7,5,5,6
7,5,5,8
7,6,5,1
7,6,5,3
7,6,5,5
7,6,5,6
7,7,5,0
7,7,5,2
7,7,5,4
7,7,5,6
7,7,5,7
7,7,5,8
7,7,5,9
7,7,5,10
7,8,5,0
7,8,5,1
7,8,5,2
7,8,5,3
7,8,5,4
7,8,5,5
7,9,5,0
7,9,5,1
7,9,5,2
7,9,5,5
7,9,5,6
7,9,5,8
7,10,5,0
7,10,5,2
7,10,5,3
7,10,5,5
7,11,5,0
7,11,5,2
7,11,5,3
7,11,5,4
7,11,5,6
7,11,5,8
7,11,5,10
7,12,5,0
7,12,5,3
7,12,5,5
7,13,5,3
7,13,5,6
7,13,5,8
7,14,5,0
7,14,5,1
7,14,5,2
7,14,5,3
7,14,5,4
7,14,5,5
7,15,5,0
7,15,5,1
7,15,5,4
7,15,5,5
7,15,5,6
7,15,5,8
7,16,5,0
7,16,5,2
7,16,5,3
7,16,5,4
7,16,5,5
7,17,5,0
7,17,5,1
7,17,5,2
7,17,5,3
7,17,5,4
7,17,5,6
7,17,5,8
7,17,5,10
7,18,5,0
7,18,5,3
7,18,5,4
7,18,5,5
7,19,5,0
7,19,5,1
7,19,5,2
7,19,5,4
7,19,5,5
7,19,5,6
7,19,5,8
7,19,5,10
7,20,5,1
7,20,5,3
7,20,5,5
7,20,5,6
7,20,5,7
7,20,5,9
7,20,5,10
7,20,5,11
7,21,5,6
7,21,5,7
7,21,5,8
7,21,5,11
7,22,5,1
7,22,5,3
7,22,5,5
7,22,5,7
7,22,5,8
7,22,5,9
7,22,5,10
7,22,5,11
7,23,5,6
7,23,5,7
7,23,5,8
7,23,5,9
7,23,5,11
7,24,5,3
7,24,5,5
7,24,5,6
7,24,5,7
7,24,5,10
7,24,5,11
7,25,5,6
7,25,5,7
7,25,5,8
7,25,5,9
7,25,5,10
7,25,5,11
7,26,5,3
7,26,5,5
7,26,5,8
7,27,5,6
7,27,5,8
7,27,5,11
7,28,5,1
7,28,5,3
7,28,5,5
7,28,5,7
7,28,5,8
7,28,5,9
7,28,5,11
7,29,5,6
7,29,5,8
7,29,5,9
7,29,5,11
7,30,5,3
7,30,5,5
7,30,5,6
7,30,5,9
7,30,5,10
7,30,5,11
7,31,5,6
7,31,5,7
7,31,5,8
7,31,5,9
7,31,5,10
7,31,5,11
7,32,5,1
7,32,5,2
7,32,5,3
7,32,5,4
7,32,5,5
7,32,5,7
7,32,5,9
7,32,5,11
7,33,5,5
7,33,5,6
7,33,5,8
7,33,5,10
7,34,5,3
7,34,5,5
7,34,5,6
7,34,5,10
7,34,5,11
7,35,5,6
7,35,5,7
7,35,5,8
7,35,5,11
7,36,5,3
7,36,5,5
7,36,5,8
7,36,5,11
7,37,5,6
7,37,5,8
7,37,5,9
7,37,5,11
7,38,5,3
7,38,5,5
7,38,5,6
7,38,5,10
7,38,5,11
7,39,5,6
7,39,5,7
7,39,5,8
7,39,5,9
7,39,5,10
7,39,5,11
8,0,4,0
8,0,4,1
8,0,4,2
8,1,4,1
8,2,4,2
8,3,4,0
8,3,4,3
8,3,4,4
8,4,4,1
8,4,4,2
8,5,4,0
8,7,4,0
8,7,4,3
8,7,4,4
8,8,4,1
8,8,4,2
8,9,4,0
8,10,4,0
8,11,4,0
8,11,4,3
8,11,4,4
8,12,4,0
8,12,4,1
8,12,4,2
8,13,4,3
8,14,4,4
8,15,4,0
8,15,4,1
8,15,4,2
8,16,4,0
8,16,4,1
8,17,4,0
8,17,4,2
8,18,4,0
8,18,4,1
8,18,4,3
8,18,4,4
8,19,4,0
8,19,4,1
8,19,4,2
8,20,4,0
8,20,4,1
8,21,4,1
8,22,4,0
8,22,4,1
8,22,4,2
8,23,4,0
8,23,4,1
8,24,4,1
8,25,4,3
8,25,4,4
8,25,4,5
8,26,4,0
8,26,4,1
8,26,4,2
8,27,4,0
8,27,4,1
8,28,4,0
8,28,4,2
8,29,4,0
8,29,4,2
8,29,4,3
8,29,4,4
8,30,4,0
8,30,4,1
8,30,4,2
8,31,4,0
8,31,4,1
8,31,4,2
8,32,4,0
8,32,4,1
8,33,4,0
8,33,4,1
8,33,4,2
8,34,4,0
8,34,4,1
8,34,4,2
8,35,4,0
8,35,4,2
8,36,4,3
8,36,4,5
8,37,4,3
8,37,4,4
8,37,4,5
8,38,4,3
8,38,4,4
8,38,4,5
8,39,4,4
8,39,4,5
8,40,4,3
8,40,4,4
8,40,4,5
8,41,4,3
8,41,4,4
8,41,4,5
8,42,4,1
8,42,4,2
8,42,4,3
8,42,4,5
8,43,4,3
8,43,4,5
8,44,4,4
8,44,4,5
8,45,4,3
8,45,4,4
8,45,4,5
8,46,4,0
8,46,4,1
8,46,4,2
8,47,4,4
8,48,4,4
8,48,4,5
8,49,4,3
8,49,4,4
8,49,4,5
8,50,4,4
8,51,4,4
8,51,4,5
8,52,4,3
8,52,4,4
8,52,4,5
8,53,4,1
8,53,4,2
8,53,4,4
8,53,4,5
8,54,4,3
8,54,4,5
8,55,4,4
8,55,4,5
8,56,4,3
8,56,4,4
8,56,4,5
8,57,4,1
8,58,4,2
8,59,4,3
8,59,4,4
8,59,4,5
8,60,4,1
8,60,4,2
8,60,4,5
8,61,4,5
8,62,4,5
8,63,4,3
8,63,4,4
8,64,4,1
8,64,4,2
8,64,4,5
8,66,4,5
8,67,4,3
8,67,4,4
8,68,4,1
8,68,4,2
8,68,4,5
8,69,4,3
8,70,4,4
8,71,4,3
8,71,4,4
8,71,4,5
9,0,3,0
9,0,3,1
9,1,3,1
9,1,3,2
9,2,3,1
9,3,3,2
9,4,3,1
9,5,3,2
9,6,3,1
9,6,3,2
9,7,3,0
9,7,3,2
9,7,3,3
9,8,3,0
9,8,3,1
9,9,3,1
9,9,3,2
9,10,3,1
9,11,3,0
9,11,3,2
9,12,3,1
9,13,3,2
9,14,3,1
9,14,3,2
9,15,3,0
9,15,3,2
9,15,3,3
9,16,3,0
9,16,3,1
9,17,3,1
9,17,3,2
9,18,3,1
9,19,3,0
9,19,3,2
9,20,3,1
9,21,3,0
9,21,3,2
9,22,3,1
9,22,3,2
9,23,3,0
9,23,3,2
9,23,3,3
9,24,3,0
9,24,3,1
9,25,3,0
9,25,3,1
9,25,3,2
9,26,3,1
9,27,3,2
9,28,3,1
9,29,3,2
9,30,3,0
9,30,3,1
9,31,3,1
9,31,3,2
9,32,3,1
9,33,3,0
9,33,3,2
9,34,3,1
9,35,3,0
9,35,3,2
9,36,3,0
9,36,3,1
9,36,3,2
9,37,3,0
9,37,3,2
9,37,3,3
9,38,3,0
9,38,3,1
9,39,3,0
9,39,3,1
9,39,3,2
9,40,3,0
9,40,3,1
9,41,3,0
9,41,3,2
9,42,3,0
9,42,3,1
9,43,3,2
9,44,3,0
9,44,3,1
9,45,3,0
9,45,3,1
9,45,3,2
9,46,3,0
9,46,3,1
9,47,3,0
9,47,3,2
9,48,3,0
9,48,3,1
9,49,3,2
9,50,3,1
9,50,3,2
9,50,3,3
9,51,3,2
9,51,3,3
9,52,3,0
9,52,3,1
9,53,3,1
9,53,3,2
9,54,3,1
9,55,3,0
9,55,3,2
9,56,3,1
9,57,3,0
9,57,3,2
9,58,3,1
9,58,3,2
9,59,3,0
9,59,3,1
9,59,3,2
9,59,3,3
9,60,3,0
9,60,3,1
9,61,3,0
9,61,3,1
9,61,3,2
9,62,3,0
9,62,3,1
9,63,3,0
9,63,3,1
9,63,3,2
9,64,3,0
9,64,3,1
9,65,3,0
9,65,3,2
9,66,3,0
9,66,3,1
9,67,3,0
9,67,3,1
9,67,3,2
9,68,3,0
9,68,3,1
9,69,3,0
9,69,3,1
9,69,3,2
9,70,3,0
9,70,3,1
9,71,3,0
9,71,3,1
9,71,3,2
9,72,3,1
9,72,3,2
9,72,3,3
9,73,3,2
9,73,3,3
9,74,3,1
9,74,3,2
9,74,3,3
9,75,3,2
9,75,3,3
9,76,3,1
9,76,3,2
9,76,3,3
9,77,3,2
9,77,3,3
9,78,3,1
9,78,3,3
9,79,3,2
9,79,3,3
9,80,3,1
9,80,3,2
9,80,3,3
9,81,3,2
9,81,3,3
9,82,3,1
9,82,3,2
9,82,3,3
9,83,3,2
9,83,3,3
9,84,3,0
9,84,3,1
9,84,3,2
9,84,3,3
9,85,3,1
9,85,3,2
9,86,3,1
9,86,3,3
9,87,3,2
9,88,3,1
9,88,3,3
9,89,3,2
9,90,3,1
9,90,3,2
9,91,3,2
9,91,3,3
9,92,3,0
9,92,3,1
9,93,3,0
9,93,3,1
9,93,3,2
9,94,3,1
9,95,3,2
9,95,3,3
9,96,3,1
9,96,3,3
9,97,3,2
9,97,3,3
9,98,3,1
9,98,3,2
9,98,3,3
9,99,3,2
9,99,3,3
9,100,3,1
9,101,3,2
9,101,3,3
9,102,3,1
9,102,3,3
9,103,3,2
9,103,3,3
9,104,3,1
9,104,3,2
9,104,3,3
9,105,3,2
9,105,3,3
9,106,3,0
9,106,3,1
9,106,3,3
9,107,3,1
9,107,3,2
9,107,3,3
9,108,3,1
9,108,3,3
9,109,3,2
9,110,3,1
9,110,3,3
9,111,3,2
9,112,3,1
9,112,3,2
9,113,3,2
9,113,3,3
9,114,3,1
9,115,3,2
9,116,3,1
9,117,3,2
9,118,3,1
9,118,3,2
9,118,3,3
9,119,3,2
9,119,3,3
9,120,3,0
9,120,3,1
9,120,3,3
9,121,3,1
9,121,3,2
9,122,3,1
9,122,3,3
9,123,3,2
9,124,3,1
9,124,3,3
9,125,3,2
9,126,3,1
9,126,3,2
9,127,3,2
9,127,3,3
9,128,3,0
9,128,3,1
9,128,3,3
9,129,3,1
9,129,3,2
9,130,3,1
9,131,3,2
9,132,3,1
9,132,3,3
9,133,3,2
9,134,3,1
9,134,3,2
9,135,3,2
9,135,3,3
9,136,3,0
9,136,3,1
9,136,3,3
9,137,3,1
9,137,3,2
9,138,3,1
9,139,3,2
9,140,3,1
9,141,3,2
9,142,3,1
9,142,3,2
9,143,3,2
9,143,3,3
10,0,2,0
10,3,2,1
10,4,2,0
10,7,2,1
10,8,2,0
10,11,2,1
10,12,2,0
10,15,2,0
10,15,2,1
10,16,2,0
10,19,2,1
10,20,2,0
10,23,2,0
10,23,2,1
10,24,2,0
10,27,2,1
10,28,2,0
10,31,2,0
10,34,2,1
10,35,2,0
10,38,2,0
10,38,2,1
10,39,2,0
10,42,2,0
10,42,2,1
10,43,2,0
10,46,2,0
10,49,2,0
10,49,2,1
10,50,2,0
10,53,2,1
10,54,2,0
10,57,2,1
10,58,2,0
10,61,2,1
10,62,2,0
10,65,2,0
10,65,2,1
10,66,2,0
10,69,2,0
10,69,2,1
10,70,2,0
10,71,2,0
10,73,2,0
10,76,2,0
10,76,2,1
10,77,2,0
10,78,2,0
10,80,2,0
10,81,2,0
10,83,2,1
10,84,2,0
10,87,2,0
10,87,2,1
10,88,2,0
10,89,2,0
10,91,2,0
10,92,2,0
10,94,2,1
10,95,2,0
10,95,2,1
10,98,2,1
10,99,2,0
10,102,2,1
10,103,2,0
10,106,2,0
10,106,2,1
10,107,2,0
10,110,2,0
10,110,2,1
10,111,2,0
10,113,2,0
10,114,2,0
10,117,2,0
10,117,2,1
10,118,2,0
10,119,2,0
10,120,2,0
10,121,2,0
10,122,2,0
10,124,2,0
10,127,2,0
10,127,2,1
10,128,2,0
10,129,2,0
10,130,2,0
10,131,2,0
10,132,2,0
10,133,2,0
10,134,2,1
10,135,2,1
10,136,2,1
10,137,2,1
10,138,2,1
10,139,2,1
10,140,2,0
10,140,2,1
10,143,2,1
10,145,2,1
10,146,2,1
10,147,2,1
10,148,2,1
10,149,2,1
10,150,2,0
10,150,2,1
10,153,2,1
10,154,2,1
10,156,2,1
10,157,2,0
10,157,2,1
10,160,2,1
10,161,2,0
10,161,2,1
10,164,2,1
10,165,2,0
10,168,2,1
10,169,2,0
10,172,2,0
10,172,2,1
10,173,2,0
10,175,2,1
10,176,2,1
10,178,2,1
10,179,2,1
10,180,2,0
10,180,2,1
10,183,2,1
10,184,2,0
10,186,2,1
10,187,2,1
10,189,2,1
10,190,2,1
10,191,2,0
10,191,2,1
10,194,2,1
10,196,2,1
10,197,2,1
10,198,2,0
10,198,2,1
10,201,2,1
10,202,2,0
10,202,2,1
10,205,2,1
10,206,2,0
10,209,2,1
10,210,2,0
10,213,2,1
10,214,2,0
10,217,2,1
10,218,2,0
10,218,2,1
10,221,2,1
10,224,2,1
10,225,2,0
10,225,2,1
10,228,2,1
10,229,2,0
10,229,2,1
10,232,2,1
10,233,2,0
10,236,2,1
10,239,2,1
10,240,2,0
10,243,2,1
10,244,2,0
10,244,2,1
10,247,2,1
10,248,2,0
10,251,2,1
10,252,2,0
10,252,2,1
10,255,2,1
10,256,2,0
10,259,2,1
10,260,2,0
10,263,2,1
10,264,2,0
10,267,2,1
