7,0,6,0
7,0,6,1
7,0,6,2
7,0,6,3
7,0,6,4
7,0,6,5
7,0,6,7
7,0,6,8
7,0,6,9
7,1,6,0
7,1,6,1
7,1,6,5
7,1,6,6
7,1,6,8
7,2,6,0
7,2,6,2
7,2,6,8
7,2,6,9
7,3,6,0
7,3,6,3
7,3,6,7
7,3,6,10
7,3,6,11
7,3,6,14
7,3,6,16
7,4,6,0
7,4,6,3
7,4,6,4
7,4,6,5
7,4,6,8
7,4,6,9
7,5,6,0
7,5,6,1
7,5,6,5
7,5,6,7
7,6,6,1
7,6,6,6
7,7,6,0
7,7,6,2
7,7,6,4
7,7,6,6
7,7,6,7
7,7,6,9
7,7,6,10
7,7,6,11
7,7,6,14
7,7,6,16
7,7,6,18
7,8,6,0
7,8,6,3
7,8,6,5
7,8,6,7
7,8,6,8
7,8,6,9
7,9,6,0
7,9,6,1
7,9,6,2
7,9,6,7
7,9,6,8
7,10,6,0
7,10,6,2
7,10,6,7
7,10,6,9
7,11,6,0
7,11,6,2
7,11,6,3
7,11,6,4
7,11,6,6
7,11,6,7
7,11,6,9
7,11,6,10
7,11,6,11
7,11,6,14
7,11,6,16
7,11,6,18
7,12,6,0
7,12,6,3
7,12,6,5
7,12,6,7
7,12,6,8
7,12,6,9
7,13,6,3
7,13,6,10
7,13,6,11
7,14,6,0
7,14,6,1
7,14,6,2
7,14,6,3
7,14,6,4
7,14,6,5
7,14,6,7
7,14,6,8
7,14,6,9
7,15,6,0
7,15,6,1
7,15,6,4
7,15,6,5
7,15,6,6
7,15,6,7
7,15,6,8
7,16,6,0
7,16,6,2
7,16,6,4
7,16,6,7
7,16,6,8
7,16,6,9
7,17,6,0
7,17,6,1
7,17,6,2
7,17,6,3
7,17,6,4
7,17,6,6
7,17,6,7
7,17,6,8
7,17,6,9
7,17,6,10
7,17,6,11
7,17,6,13
7,17,6,14
7,17,6,16
7,17,6,18
7,18,6,0
7,18,6,3
7,18,6,4
7,18,6,5
7,18,6,7
7,18,6,8
7,18,6,9
7,19,6,0
7,19,6,1
7,19,6,2
7,19,6,4
7,19,6,5
7,19,6,6
7,19,6,7
7,19,6,8
7,19,6,9
7,19,6,11
7,19,6,13
7,19,6,14
7,19,6,16
7,19,6,18
7,20,6,1
7,20,6,3
7,20,6,5
7,20,6,6
7,20,6,8
7,20,6,10
7,20,6,11
7,20,6,12
7,20,6,13
7,20,6,14
7,20,6,15
7,20,6,17
7,20,6,18
7,20,6,19
7,21,6,10
7,21,6,11
7,21,6,12
7,21,6,14
7,21,6,15
7,21,6,16
7,21,6,19
7,22,6,1
7,22,6,3
7,22,6,5
7,22,6,6
7,22,6,8
7,22,6,9
7,22,6,10
7,22,6,11
7,22,6,12
7,22,6,13
7,22,6,15
7,22,6,16
7,22,6,17
7,22,6,18
7,22,6,19
7,23,6,10
7,23,6,11
7,23,6,12
7,23,6,15
7,23,6,17
7,23,6,19
7,24,6,11
7,24,6,12
7,24,6,13
7,24,6,14
7,24,6,15
7,24,6,18
7,24,6,19
7,25,6,10
7,25,6,11
7,25,6,12
7,25,6,14
7,25,6,15
7,25,6,16
7,25,6,17
7,25,6,18
7,25,6,19
7,26,6,8
7,26,6,9
7,26,6,16
7,27,6,10
7,27,6,11
7,27,6,12
7,27,6,14
7,27,6,16
7,27,6,19
7,28,6,1
7,28,6,3
7,28,6,5
7,28,6,8
7,28,6,9
7,28,6,10
7,28,6,12
7,28,6,13
7,28,6,15
7,28,6,16
7,28,6,17
7,28,6,19
7,29,6,10
7,29,6,12
7,29,6,17
7,29,6,19
7,30,6,11
7,30,6,12
7,30,6,17
7,30,6,18
7,30,6,19
7,31,6,10
7,31,6,11
7,31,6,12
7,31,6,14
7,31,6,16
7,31,6,19
7,32,6,1
7,32,6,3
7,32,6,5
7,32,6,8
7,32,6,9
7,32,6,10
7,32,6,12
7,32,6,13
7,32,6,15
7,32,6,17
7,32,6,19
7,33,6,13
7,33,6,18
7,34,6,12
7,34,6,14
7,34,6,18
7,34,6,19
7,35,6,10
7,35,6,11
7,35,6,14
7,35,6,15
7,35,6,16
7,35,6,19
7,36,6,3
7,36,6,5
7,36,6,8
7,36,6,9
7,36,6,12
7,36,6,16
7,36,6,19
7,37,6,10
7,37,6,11
7,37,6,17
7,37,6,19
7,38,6,11
7,38,6,13
7,38,6,14
7,38,6,18
7,38,6,19
7,39,6,10
7,39,6,11
7,39,6,12
7,39,6,14
7,39,6,15
7,39,6,16
7,39,6,17
7,39,6,18
7,39,6,19
8,0,5,0
8,0,5,1
8,0,5,2
8,0,5,3
8,0,5,4
8,0,5,5
8,1,5,1
8,1,5,5
8,1,5,6
8,1,5,8
8,2,5,2
8,2,5,3
8,2,5,5
8,3,5,0
8,3,5,3
8,3,5,6
8,3,5,8
8,4,5,3
8,4,5,4
8,4,5,5
8,5,5,0
8,5,5,5
8,5,5,6
8,5,5,8
8,6,5,3
8,6,5,5
8,6,5,6
8,7,5,0
8,7,5,4
8,7,5,6
8,7,5,7
8,7,5,8
8,7,5,9
8,7,5,10
8,8,5,1
8,8,5,2
8,8,5,3
8,8,5,4
8,8,5,5
8,9,5,0
8,9,5,5
8,9,5,6
8,9,5,8
8,10,5,0
8,10,5,3
8,10,5,5
8,11,5,0
8,11,5,4
8,11,5,6
8,11,5,8
8,12,5,0
8,12,5,3
8,12,5,5
8,13,5,6
8,13,5,8
8,14,5,3
8,14,5,5
8,14,5,6
8,15,5,1
8,15,5,2
8,15,5,3
8,15,5,4
8,15,5,5
8,16,5,0
8,16,5,5
8,16,5,6
8,16,5,8
8,17,5,0
8,17,5,3
8,17,5,5
8,18,5,0
8,18,5,1
8,18,5,4
8,18,5,6
8,18,5,8
8,19,5,0
8,19,5,3
8,19,5,5
8,20,5,0
8,20,5,1
8,20,5,4
8,20,5,6
8,20,5,8
8,21,5,1
8,21,5,3
8,21,5,5
8,21,5,6
8,22,5,0
8,22,5,1
8,22,5,2
8,22,5,3
8,22,5,4
8,22,5,5
8,23,5,0
8,23,5,1
8,23,5,4
8,23,5,5
8,23,5,6
8,23,5,8
8,24,5,1
8,24,5,3
8,24,5,5
8,24,5,6
8,25,5,6
8,25,5,7
8,25,5,8
8,25,5,11
8,26,5,0
8,26,5,1
8,26,5,2
8,26,5,3
8,26,5,4
8,26,5,5
8,27,5,0
8,27,5,1
8,27,5,5
8,27,5,6
8,27,5,8
8,28,5,0
8,28,5,2
8,28,5,3
8,28,5,5
8,29,5,0
8,29,5,2
8,29,5,3
8,29,5,4
8,29,5,6
8,29,5,8
8,30,5,0
8,30,5,3
8,30,5,4
8,30,5,5
8,31,5,0
8,31,5,1
8,31,5,2
8,31,5,4
8,31,5,5
8,31,5,6
8,31,5,8
8,32,5,0
8,32,5,1
8,32,5,3
8,32,5,4
8,32,5,5
8,32,5,6
8,32,5,8
8,33,5,0
8,33,5,1
8,33,5,2
8,33,5,3
8,33,5,4
8,33,5,5
8,34,5,0
8,34,5,1
8,34,5,2
8,34,5,4
8,34,5,5
8,34,5,6
8,34,5,8
8,35,5,0
8,35,5,2
8,35,5,3
8,35,5,4
8,35,5,5
8,35,5,8
8,36,5,3
8,36,5,6
8,36,5,7
8,36,5,8
8,36,5,9
8,36,5,11
8,37,5,3
8,37,5,5
8,37,5,6
8,37,5,7
8,37,5,9
8,37,5,10
8,37,5,11
8,38,5,6
8,38,5,7
8,38,5,8
8,38,5,9
8,38,5,10
8,38,5,11
8,39,5,3
8,39,5,5
8,39,5,6
8,39,5,7
8,39,5,8
8,39,5,10
8,39,5,11
8,40,5,3
8,40,5,5
8,40,5,6
8,40,5,7
8,40,5,9
8,40,5,10
8,40,5,11
8,41,5,6
8,41,5,7
8,41,5,8
8,41,5,11
8,42,5,3
8,42,5,5
8,42,5,7
8,42,5,8
8,42,5,9
8,42,5,11
8,43,5,6
8,43,5,8
8,43,5,9
8,43,5,11
8,44,5,3
8,44,5,5
8,44,5,6
8,44,5,10
8,44,5,11
8,45,5,6
8,45,5,7
8,45,5,8
8,45,5,9
8,45,5,10
8,45,5,11
8,46,5,0
8,46,5,3
8,46,5,4
8,46,5,5
8,47,5,5
8,47,5,6
8,47,5,8
8,47,5,10
8,48,5,3
8,48,5,5
8,48,5,6
8,48,5,7
8,48,5,10
8,48,5,11
8,49,5,6
8,49,5,7
8,49,5,8
8,49,5,9
8,49,5,10
8,49,5,11
8,50,5,5
8,50,5,6
8,50,5,8
8,50,5,10
8,51,5,3
8,51,5,5
8,51,5,7
8,51,5,10
8,51,5,11
8,52,5,6
8,52,5,8
8,52,5,11
8,53,5,3
8,53,5,5
8,53,5,7
8,53,5,10
8,53,5,11
8,54,5,6
8,54,5,8
8,54,5,11
8,55,5,3
8,55,5,5
8,55,5,6
8,55,5,11
8,56,5,6
8,56,5,7
8,56,5,8
8,56,5,9
8,56,5,10
8,57,5,5
8,57,5,6
8,57,5,8
8,58,5,3
8,58,5,5
8,59,5,6
8,59,5,8
8,59,5,11
8,60,5,3
8,60,5,5
8,60,5,7
8,60,5,11
8,61,5,6
8,61,5,8
8,61,5,11
8,62,5,3
8,62,5,5
8,62,5,6
8,62,5,11
8,63,5,6
8,63,5,7
8,63,5,8
8,63,5,9
8,63,5,10
8,64,5,1
8,64,5,2
8,64,5,3
8,64,5,4
8,64,5,5
8,64,5,7
8,64,5,11
8,65,5,5
8,65,5,6
8,65,5,8
8,66,5,3
8,66,5,5
8,66,5,6
8,66,5,11
8,67,5,6
8,67,5,7
8,67,5,8
8,68,5,3
8,68,5,5
8,68,5,8
8,68,5,11
8,69,5,6
8,69,5,8
8,69,5,9
8,70,5,3
8,70,5,5
8,70,5,6
8,70,5,10
8,71,5,6
8,71,5,7
8,71,5,8
8,71,5,9
8,71,5,10
8,71,5,11
9,0,4,0
9,0,4,1
9,0,4,2
9,1,4,1
9,2,4,2
9,3,4,3
9,3,4,4
9,4,4,1
9,4,4,2
9,7,4,0
9,7,4,3
9,7,4,4
9,8,4,1
9,8,4,2
9,11,4,0
9,11,4,3
9,11,4,4
9,12,4,1
9,12,4,2
9,13,4,3
9,14,4,4
9,15,4,0
9,15,4,2
9,15,4,3
9,15,4,4
9,15,4,5
9,16,4,0
9,16,4,1
9,16,4,2
9,17,4,1
9,18,4,2
9,19,4,0
9,19,4,3
9,19,4,4
9,20,4,1
9,20,4,2
9,21,4,0
9,23,4,0
9,23,4,2
9,23,4,3
9,23,4,4
9,24,4,1
9,24,4,2
9,25,4,0
9,27,4,3
9,27,4,4
9,28,4,1
9,28,4,2
9,29,4,3
9,30,4,0
9,30,4,1
9,30,4,2
9,31,4,1
9,32,4,2
9,33,4,0
9,33,4,3
9,33,4,4
9,34,4,1
9,34,4,2
9,35,4,0
9,36,4,0
9,37,4,0
9,37,4,2
9,37,4,3
9,37,4,4
9,38,4,1
9,38,4,2
9,39,4,0
9,40,4,0
9,41,4,0
9,41,4,2
9,41,4,3
9,41,4,4
9,42,4,0
9,42,4,1
9,42,4,2
9,43,4,3
9,44,4,0
9,44,4,1
9,44,4,2
9,45,4,0
9,45,4,1
9,46,4,0
9,46,4,2
9,47,4,0
9,47,4,2
9,47,4,3
9,47,4,4
9,48,4,0
9,48,4,1
9,48,4,2
9,50,4,4
9,50,4,5
9,51,4,3
9,51,4,4
9,51,4,5
9,52,4,0
9,52,4,1
9,52,4,2
9,53,4,1
9,54,4,2
9,55,4,0
9,55,4,3
9,55,4,4
9,56,4,1
9,56,4,2
9,57,4,0
9,59,4,0
9,59,4,1
9,59,4,2
9,59,4,3
9,59,4,4
9,60,4,1
9,60,4,2
9,61,4,0
9,62,4,0
9,63,4,0
9,63,4,1
9,63,4,2
9,63,4,3
9,63,4,4
9,64,4,0
9,64,4,1
9,64,4,2
9,65,4,0
9,65,4,2
9,65,4,3
9,65,4,4
9,66,4,0
9,66,4,1
9,66,4,2
9,67,4,0
9,67,4,1
9,68,4,0
9,68,4,2
9,69,4,0
9,69,4,1
9,69,4,2
9,69,4,3
9,69,4,4
9,70,4,0
9,70,4,1
9,70,4,2
9,71,4,0
9,71,4,1
9,71,4,2
9,71,4,4
9,72,4,1
9,72,4,3
9,72,4,4
9,72,4,5
9,73,4,3
9,73,4,4
9,73,4,5
9,74,4,1
9,74,4,2
9,74,4,3
9,74,4,4
9,74,4,5
9,75,4,3
9,75,4,5
9,76,4,4
9,76,4,5
9,77,4,3
9,77,4,4
9,77,4,5
9,78,4,1
9,78,4,2
9,78,4,3
9,78,4,5
9,79,4,3
9,79,4,4
9,79,4,5
9,80,4,1
9,80,4,2
9,80,4,3
9,80,4,4
9,80,4,5
9,81,4,5
9,82,4,5
9,83,4,3
9,83,4,4
9,84,4,1
9,84,4,2
9,84,4,3
9,84,4,4
9,84,4,5
9,86,4,5
9,87,4,3
9,87,4,4
9,88,4,1
9,88,4,2
9,88,4,5
9,89,4,3
9,90,4,4
9,91,4,3
9,91,4,4
9,91,4,5
9,92,4,0
9,92,4,1
9,92,4,2
9,93,4,0
9,93,4,1
9,95,4,3
9,95,4,4
9,95,4,5
9,96,4,1
9,96,4,2
9,96,4,3
9,96,4,5
9,97,4,3
9,97,4,5
9,98,4,4
9,98,4,5
9,99,4,3
9,99,4,4
9,99,4,5
9,100,4,2
9,101,4,3
9,101,4,4
9,101,4,5
9,102,4,1
9,102,4,2
9,102,4,3
9,102,4,5
9,103,4,5
9,104,4,5
9,105,4,3
9,105,4,4
9,106,4,1
9,106,4,2
9,106,4,3
9,106,4,5
9,107,4,5
9,108,4,5
9,109,4,3
9,109,4,4
9,110,4,1
9,110,4,2
9,110,4,5
9,111,4,3
9,112,4,4
9,113,4,3
9,113,4,4
9,113,4,5
9,114,4,2
9,115,4,3
9,115,4,4
9,116,4,1
9,116,4,2
9,118,4,5
9,119,4,3
9,119,4,4
9,120,4,1
9,120,4,2
9,120,4,3
9,120,4,5
9,122,4,5
9,123,4,3
9,123,4,4
9,124,4,1
9,124,4,2
9,124,4,5
9,125,4,3
9,126,4,4
9,127,4,3
9,127,4,4
9,127,4,5
9,128,4,0
9,128,4,1
9,128,4,2
9,128,4,3
9,128,4,5
9,129,4,1
9,130,4,2
9,131,4,3
9,131,4,4
9,132,4,1
9,132,4,2
9,132,4,5
9,135,4,3
9,135,4,4
9,136,4,1
9,136,4,2
9,136,4,5
9,139,4,3
9,139,4,4
9,140,4,1
9,140,4,2
9,141,4,3
9,142,4,4
9,143,4,3
9,143,4,4
9,143,4,5
10,0,3,0
10,0,3,1
10,1,3,1
10,1,3,2
10,2,3,1
10,3,3,2
10,4,3,1
10,5,3,2
10,6,3,1
10,6,3,2
10,7,3,2
10,7,3,3
10,8,3,0
10,8,3,1
10,9,3,1
10,9,3,2
10,10,3,1
10,11,3,2
10,12,3,1
10,13,3,2
10,14,3,1
10,14,3,2
10,15,3,0
10,15,3,2
10,15,3,3
10,16,3,0
10,16,3,1
10,17,3,1
10,17,3,2
10,18,3,1
10,19,3,2
10,20,3,1
10,21,3,2
10,22,3,1
10,22,3,2
10,23,3,0
10,23,3,2
10,23,3,3
10,24,3,0
10,24,3,1
10,25,3,1
10,25,3,2
10,26,3,1
10,27,3,2
10,28,3,1
10,29,3,2
10,30,3,1
10,30,3,2
10,31,3,0
10,31,3,1
10,32,3,1
10,32,3,2
10,33,3,1
10,34,3,2
10,35,3,1
10,36,3,2
10,37,3,1
10,37,3,2
10,38,3,0
10,38,3,2
10,38,3,3
10,39,3,0
10,39,3,1
10,40,3,1
10,40,3,2
10,41,3,1
10,42,3,0
10,42,3,2
10,43,3,1
10,44,3,2
10,45,3,1
10,45,3,2
10,46,3,0
10,46,3,1
10,47,3,1
10,47,3,2
10,48,3,1
10,49,3,0
10,49,3,2
10,50,3,1
10,51,3,2
10,52,3,1
10,52,3,2
10,53,3,2
10,53,3,3
10,54,3,0
10,54,3,1
10,55,3,1
10,55,3,2
10,56,3,1
10,57,3,2
10,58,3,0
10,58,3,1
10,59,3,1
10,59,3,2
10,60,3,1
10,61,3,2
10,62,3,1
10,63,3,2
10,64,3,1
10,64,3,2
10,65,3,0
10,65,3,2
10,65,3,3
10,66,3,0
10,66,3,1
10,67,3,1
10,67,3,2
10,68,3,1
10,69,3,0
10,69,3,2
10,70,3,1
10,71,3,0
10,71,3,2
10,72,3,1
10,72,3,2
10,73,3,0
10,73,3,1
10,74,3,1
10,74,3,2
10,75,3,1
10,76,3,0
10,76,3,2
10,77,3,1
10,78,3,0
10,78,3,2
10,79,3,1
10,79,3,2
10,80,3,0
10,80,3,1
10,81,3,0
10,81,3,1
10,81,3,2
10,82,3,1
10,83,3,2
10,83,3,3
10,84,3,0
10,84,3,1
10,85,3,1
10,85,3,2
10,86,3,1
10,87,3,0
10,87,3,2
10,88,3,1
10,89,3,0
10,89,3,2
10,90,3,1
10,90,3,2
10,91,3,0
10,91,3,1
10,92,3,0
10,92,3,1
10,92,3,2
10,93,3,1
10,94,3,2
10,94,3,3
10,95,3,1
10,95,3,3
10,96,3,2
10,96,3,3
10,97,3,1
10,97,3,2
10,97,3,3
10,98,3,2
10,98,3,3
10,99,3,0
10,99,3,1
10,100,3,1
10,100,3,2
10,101,3,1
10,102,3,2
10,103,3,1
10,104,3,2
10,105,3,1
10,105,3,2
10,106,3,0
10,106,3,2
10,106,3,3
10,107,3,0
10,107,3,1
10,108,3,1
10,108,3,2
10,109,3,1
10,110,3,0
10,110,3,2
10,111,3,1
10,112,3,2
10,113,3,0
10,113,3,1
10,113,3,2
10,114,3,0
10,114,3,1
10,115,3,1
10,115,3,2
10,116,3,1
10,117,3,0
10,117,3,2
10,118,3,1
10,119,3,0
10,119,3,2
10,120,3,0
10,120,3,1
10,120,3,2
10,121,3,0
10,121,3,1
10,122,3,0
10,122,3,1
10,122,3,2
10,123,3,1
10,124,3,0
10,124,3,1
10,125,3,1
10,125,3,2
10,126,3,1
10,127,3,0
10,127,3,2
10,128,3,1
10,129,3,0
10,129,3,2
10,130,3,0
10,130,3,1
10,130,3,2
10,131,3,0
10,131,3,1
10,132,3,0
10,132,3,1
10,132,3,2
10,133,3,0
10,133,3,1
10,134,3,2
10,134,3,3
10,135,3,1
10,135,3,2
10,135,3,3
10,136,3,2
10,136,3,3
10,137,3,1
10,137,3,2
10,137,3,3
10,138,3,1
10,138,3,3
10,139,3,2
10,140,3,1
10,140,3,3
10,141,3,2
10,142,3,1
10,142,3,2
10,143,3,2
10,143,3,3
10,144,3,2
10,145,3,1
10,145,3,2
10,145,3,3
10,146,3,2
10,146,3,3
10,147,3,1
10,147,3,2
10,147,3,3
10,148,3,1
10,148,3,3
10,149,3,2
10,150,3,1
10,150,3,3
10,151,3,2
10,152,3,1
10,152,3,2
10,153,3,2
10,153,3,3
10,154,3,1
10,154,3,2
10,154,3,3
10,155,3,1
10,156,3,2
10,157,3,1
10,157,3,3
10,158,3,2
10,159,3,1
10,159,3,2
10,160,3,2
10,160,3,3
10,161,3,0
10,161,3,1
10,161,3,3
10,162,3,1
10,162,3,2
10,163,3,1
10,164,3,2
10,165,3,1
10,166,3,2
10,167,3,1
10,167,3,2
10,168,3,2
10,168,3,3
10,169,3,0
10,169,3,1
10,170,3,0
10,170,3,1
10,170,3,2
10,171,3,0
10,171,3,1
10,172,3,0
10,172,3,2
10,173,3,0
10,173,3,1
10,174,3,2
10,175,3,1
10,175,3,2
10,175,3,3
10,176,3,2
10,176,3,3
10,177,3,1
10,177,3,2
10,178,3,1
10,178,3,3
10,179,3,2
10,180,3,1
10,180,3,3
10,181,3,2
10,182,3,1
10,182,3,2
10,183,3,2
10,183,3,3
10,184,3,0
10,184,3,1
10,185,3,2
10,186,3,1
10,186,3,2
10,186,3,3
10,187,3,2
10,187,3,3
10,188,3,1
10,188,3,2
10,189,3,1
10,189,3,3
10,190,3,2
10,191,3,1
10,191,3,3
10,192,3,2
10,193,3,1
10,193,3,2
10,194,3,2
10,194,3,3
10,195,3,1
10,195,3,2
10,196,3,1
10,196,3,3
10,197,3,2
10,198,3,1
10,198,3,3
10,199,3,2
10,200,3,1
10,200,3,2
10,201,3,2
10,201,3,3
10,202,3,0
10,202,3,1
10,202,3,3
10,203,3,1
10,203,3,2
10,204,3,1
10,205,3,2
10,206,3,1
10,207,3,2
10,208,3,1
10,208,3,2
10,209,3,2
10,209,3,3
10,210,3,1
10,211,3,2
10,212,3,1
10,212,3,2
10,213,3,2
10,213,3,3
10,214,3,0
10,214,3,1
10,215,3,1
10,215,3,2
10,216,3,1
10,217,3,2
10,218,3,1
10,218,3,3
10,219,3,2
10,220,3,1
10,220,3,2
10,221,3,2
10,221,3,3
10,222,3,1
10,222,3,2
10,223,3,1
10,224,3,2
10,225,3,1
10,225,3,3
10,226,3,2
10,227,3,1
10,227,3,2
10,228,3,2
10,228,3,3
10,229,3,0
10,229,3,1
10,229,3,3
10,230,3,1
10,230,3,2
10,231,3,1
10,232,3,2
10,233,3,1
10,234,3,2
10,235,3,1
10,235,3,2
10,236,3,2
10,236,3,3
10,237,3,1
10,237,3,2
10,238,3,1
10,239,3,2
10,240,3,1
10,241,3,2
10,242,3,1
10,242,3,2
10,243,3,2
10,243,3,3
10,244,3,0
10,244,3,1
10,244,3,3
10,245,3,1
10,245,3,2
10,246,3,1
10,247,3,2
10,248,3,1
10,249,3,2
10,250,3,1
10,250,3,2
10,251,3,2
10,251,3,3
10,252,3,0
10,252,3,1
10,252,3,3
10,253,3,1
10,253,3,2
10,254,3,1
10,255,3,2
10,256,3,1
10,257,3,2
10,258,3,1
10,258,3,2
10,259,3,2
10,259,3,3
10,260,3,0
10,260,3,1
10,261,3,1
10,261,3,2
10,262,3,1
10,263,3,2
10,264,3,1
10,265,3,2
10,266,3,1
10,266,3,2
10,267,3,2
10,267,3,3
11,0,2,0
11,3,2,1
11,4,2,0
11,7,2,1
11,8,2,0
11,11,2,1
11,12,2,0
11,15,2,1
11,16,2,0
11,19,2,1
11,20,2,0
11,23,2,1
11,24,2,0
11,27,2,1
11,28,2,0
11,31,2,0
11,31,2,1
11,32,2,0
11,35,2,1
11,36,2,0
11,39,2,1
11,40,2,0
11,43,2,1
11,44,2,0
11,47,2,0
11,47,2,1
11,48,2,0
11,51,2,1
11,52,2,0
11,55,2,1
11,56,2,0
11,59,2,1
11,60,2,0
11,62,2,0
11,65,2,1
11,66,2,0
11,69,2,1
11,70,2,0
11,73,2,1
11,74,2,0
11,77,2,0
11,77,2,1
11,78,2,0
11,81,2,1
11,82,2,0
11,85,2,0
11,85,2,1
11,86,2,0
11,89,2,1
11,90,2,0
11,92,2,0
11,95,2,1
11,96,2,0
11,99,2,0
11,99,2,1
11,100,2,0
11,103,2,1
11,104,2,0
11,107,2,1
11,108,2,0
11,111,2,1
11,112,2,0
11,115,2,1
11,116,2,0
11,119,2,1
11,120,2,0
11,123,2,1
11,124,2,0
11,127,2,1
11,128,2,0
11,131,2,0
11,131,2,1
11,132,2,0
11,135,2,1
11,136,2,0
11,139,2,0
11,139,2,1
11,140,2,0
11,143,2,0
11,143,2,1
11,144,2,0
11,146,2,0
11,149,2,1
11,150,2,0
11,153,2,0
11,153,2,1
11,154,2,0
11,157,2,0
11,157,2,1
11,158,2,0
11,160,2,0
11,163,2,0
11,163,2,1
11,164,2,0
11,166,2,1
11,167,2,1
11,168,2,0
11,171,2,1
11,172,2,0
11,175,2,0
11,175,2,1
11,176,2,0
11,179,2,0
11,179,2,1
11,180,2,0
11,182,2,0
11,185,2,0
11,185,2,1
11,186,2,0
11,188,2,1
11,189,2,1
11,191,2,1
11,192,2,1
11,193,2,0
11,193,2,1
11,196,2,1
11,197,2,0
11,200,2,1
11,201,2,0
11,204,2,1
11,205,2,0
11,208,2,1
11,209,2,0
11,212,2,0
11,212,2,1
11,213,2,0
11,216,2,1
11,217,2,0
11,220,2,0
11,220,2,1
11,221,2,0
11,224,2,1
11,225,2,0
11,226,2,0
11,227,2,0
11,230,2,1
11,231,2,0
11,234,2,0
11,234,2,1
11,235,2,0
11,238,2,0
11,238,2,1
11,239,2,0
11,240,2,0
11,241,2,0
11,244,2,0
11,244,2,1
11,245,2,0
11,247,2,0
11,250,2,1
11,251,2,0
11,254,2,0
11,254,2,1
11,255,2,0
11,258,2,0
11,258,2,1
11,259,2,0
11,260,2,0
11,261,2,0
11,264,2,0
11,264,2,1
11,265,2,0
11,266,2,0
11,267,2,1
11,268,2,1
11,269,2,0
11,269,2,1
11,272,2,1
11,273,2,1
11,274,2,1
11,275,2,0
11,275,2,1
11,278,2,1
11,279,2,0
11,279,2,1
11,282,2,1
11,283,2,0
11,286,2,1
11,288,2,1
11,289,2,0
11,289,2,1
11,292,2,1
11,293,2,1
11,294,2,1
11,295,2,0
11,295,2,1
11,298,2,1
11,299,2,0
11,299,2,1
11,302,2,1
11,303,2,0
11,306,2,1
11,307,2,1
11,308,2,1
11,309,2,0
11,312,2,1
11,313,2,0
11,313,2,1
11,316,2,1
11,317,2,0
11,320,2,1
11,321,2,0
11,321,2,1
11,324,2,1
11,325,2,0
11,328,2,1
11,329,2,0
11,332,2,1
11,333,2,0
11,336,2,1
11,337,2,0
11,340,2,0
11,340,2,1
11,341,2,0
11,342,2,0
11,344,2,0
11,345,2,0
11,347,2,1
11,348,2,0
11,348,2,1
11,351,2,1
11,353,2,1
11,354,2,0
11,354,2,1
11,357,2,1
11,358,2,0
11,358,2,1
11,361,2,1
11,362,2,0
11,365,2,1
11,366,2,0
11,367,2,0
11,369,2,1
11,370,2,0
11,370,2,1
11,373,2,1
11,375,2,1
11,376,2,0
11,376,2,1
11,379,2,1
11,380,2,0
11,380,2,1
11,383,2,1
11,384,2,0
11,387,2,1
11,389,2,1
11,390,2,0
11,390,2,1
11,393,2,1
11,394,2,0
11,394,2,1
11,397,2,1
11,398,2,0
11,401,2,1
11,402,2,0
11,402,2,1
11,405,2,1
11,406,2,0
11,409,2,1
11,410,2,0
11,413,2,1
11,414,2,0
11,417,2,1
11,418,2,0
11,421,2,1
11,422,2,0
11,425,2,1
11,426,2,0
11,429,2,1
11,430,2,0
11,433,2,1
11,434,2,0
11,434,2,1
11,437,2,1
11,438,2,0
11,441,2,1
11,443,2,1
11,444,2,0
11,447,2,1
11,448,2,0
11,448,2,1
11,451,2,1
11,452,2,0
11,455,2,1
11,456,2,0
11,456,2,1
11,459,2,1
11,460,2,0
11,463,2,1
11,464,2,0
11,467,2,1
11,468,2,0
11,471,2,1
11,473,2,1
11,474,2,0
11,477,2,1
11,478,2,0
11,481,2,1
11,482,2,0
11,485,2,1
11,486,2,0
11,486,2,1
11,489,2,1
11,490,2,0
11,493,2,1
11,494,2,0
11,497,2,1
11,498,2,0
11,501,2,1
11,502,2,0
11,502,2,1
11,505,2,1
11,506,2,0
11,509,2,1
11,510,2,0
11,513,2,1
11,514,2,0
11,517,2,1
11,518,2,0
11,521,2,1
11,522,2,0
11,525,2,1
11,526,2,0
11,529,2,1
11,530,2,0
11,533,2,1
