6,0,5,0
6,0,5,1
6,0,5,2
6,0,5,3
6,0,5,4
6,0,5,5
6,1,5,0
6,1,5,1
6,1,5,5
6,1,5,6
6,1,5,8
6,2,5,0
6,2,5,2
6,2,5,3
6,2,5,5
6,3,5,0
6,3,5,3
6,3,5,4
6,3,5,6
6,3,5,8
6,4,5,0
6,4,5,3
6,4,5,4
6,4,5,5
6,5,5,0
6,5,5,1
6,5,5,4
6,5,5,5
6,5,5,6
6,5,5,8
6,6,5,1
6,6,5,3
6,6,5,5
6,6,5,6
6,7,5,0
6,7,5,1
6,7,5,2
6,7,5,3
6,7,5,4
6,7,5,5
6,8,5,0
6,8,5,1
6,8,5,2
6,8,5,4
6,8,5,5
6,8,5,6
6,8,5,8
6,9,5,0
6,9,5,2
6,9,5,3
6,9,5,4
6,9,5,5
6,9,5,8
6,10,5,3
6,10,5,6
6,10,5,7
6,10,5,8
6,10,5,9
6,10,5,11
6,11,5,3
6,11,5,5
6,11,5,6
6,11,5,7
6,11,5,9
6,11,5,10
6,11,5,11
6,12,5,6
6,12,5,7
6,12,5,8
6,12,5,9
6,12,5,10
6,12,5,11
6,13,5,5
6,13,5,6
6,13,5,8
6,13,5,10
6,14,5,3
6,14,5,5
6,14,5,6
6,14,5,7
6,14,5,10
6,14,5,11
6,15,5,6
6,15,5,7
6,15,5,8
6,15,5,11
6,16,5,3
6,16,5,5
6,16,5,7
6,16,5,8
6,16,5,11
6,17,5,6
6,17,5,8
6,17,5,9
6,17,5,11
6,18,5,3
6,18,5,5
6,18,5,6
6,18,5,10
6,18,5,11
6,19,5,6
6,19,5,7
6,19,5,8
6,19,5,9
6,19,5,10
6,19,5,11
7,0,4,0
7,0,4,1
7,0,4,2
7,1,4,1
7,2,4,2
7,3,4,0
7,3,4,3
7,3,4,4
7,4,4,1
7,4,4,2
7,5,4,0
7,7,4,0
7,7,4,2
7,7,4,3
7,7,4,4
7,8,4,1
7,8,4,2
7,9,4,0
7,10,4,0
7,11,4,0
7,11,4,2
7,11,4,3
7,11,4,4
7,12,4,0
7,12,4,1
7,12,4,2
7,13,4,3
7,14,4,0
7,14,4,1
7,14,4,2
7,15,4,0
7,15,4,1
7,16,4,0
7,16,4,2
7,17,4,0
7,17,4,1
7,17,4,2
7,17,4,3
7,17,4,4
7,18,4,0
7,18,4,1
7,18,4,2
7,19,4,0
7,19,4,1
7,19,4,2
7,19,4,4
7,20,4,1
7,20,4,3
7,20,4,4
7,20,4,5
7,21,4,3
7,21,4,4
7,21,4,5
7,22,4,1
7,22,4,2
7,22,4,3
7,22,4,4
7,22,4,5
7,23,4,3
7,23,4,5
7,24,4,4
7,24,4,5
7,25,4,3
7,25,4,4
7,25,4,5
7,26,4,2
7,27,4,3
7,27,4,4
7,27,4,5
7,28,4,1
7,28,4,2
7,28,4,3
7,28,4,5
7,29,4,5
7,30,4,5
7,31,4,3
7,31,4,4
7,32,4,1
7,32,4,2
7,32,4,3
7,32,4,5
7,34,4,5
7,35,4,3
7,35,4,4
7,36,4,1
7,36,4,2
7,36,4,5
7,37,4,3
7,38,4,4
7,39,4,3
7,39,4,4
7,39,4,5
8,0,3,0
8,0,3,1
8,1,3,1
8,1,3,2
8,2,3,1
8,3,3,2
8,4,3,1
8,5,3,2
8,6,3,1
8,6,3,2
8,7,3,0
8,7,3,2
8,7,3,3
8,8,3,0
8,8,3,1
8,9,3,1
8,9,3,2
8,10,3,1
8,11,3,0
8,11,3,2
8,12,3,1
8,13,3,2
8,14,3,1
8,14,3,2
8,15,3,0
8,15,3,1
8,16,3,1
8,16,3,2
8,17,3,1
8,18,3,0
8,18,3,2
8,19,3,1
8,20,3,0
8,20,3,2
8,21,3,1
8,21,3,2
8,22,3,0
8,22,3,1
8,23,3,0
8,23,3,1
8,23,3,2
8,24,3,1
8,25,3,2
8,25,3,3
8,26,3,0
8,26,3,1
8,27,3,1
8,27,3,2
8,28,3,1
8,29,3,0
8,29,3,2
8,30,3,1
8,31,3,0
8,31,3,2
8,32,3,0
8,32,3,1
8,32,3,2
8,33,3,0
8,33,3,1
8,34,3,0
8,34,3,1
8,34,3,2
8,35,3,0
8,35,3,1
8,36,3,2
8,36,3,3
8,37,3,1
8,37,3,2
8,37,3,3
8,38,3,2
8,38,3,3
8,39,3,1
8,39,3,2
8,39,3,3
8,40,3,1
8,40,3,3
8,41,3,2
8,42,3,1
8,42,3,3
8,43,3,2
8,44,3,1
8,44,3,2
8,45,3,2
8,45,3,3
8,46,3,0
8,46,3,1
8,47,3,2
8,48,3,1
8,48,3,2
8,48,3,3
8,49,3,2
8,49,3,3
8,50,3,1
8,50,3,2
8,51,3,1
8,51,3,3
8,52,3,2
8,53,3,1
8,53,3,3
8,54,3,2
8,55,3,1
8,55,3,2
8,56,3,2
8,56,3,3
8,57,3,1
8,57,3,2
8,58,3,1
8,59,3,2
8,60,3,1
8,60,3,3
8,61,3,2
8,62,3,1
8,62,3,2
8,63,3,2
8,63,3,3
8,64,3,0
8,64,3,1
8,64,3,3
8,65,3,1
8,65,3,2
8,66,3,1
8,67,3,2
8,68,3,1
8,69,3,2
8,70,3,1
8,70,3,2
8,71,3,2
8,71,3,3
9,0,2,0
9,3,2,1
9,4,2,0
9,7,2,1
9,8,2,0
9,11,2,1
9,12,2,0
9,15,2,0
9,15,2,1
9,16,2,0
9,19,2,1
9,20,2,0
9,23,2,0
9,23,2,1
9,24,2,0
9,27,2,1
9,28,2,0
9,30,2,0
9,33,2,1
9,34,2,0
9,37,2,0
9,37,2,1
9,38,2,0
9,41,2,0
9,41,2,1
9,42,2,0
9,44,2,0
9,47,2,0
9,47,2,1
9,48,2,0
9,50,2,1
9,51,2,1
9,52,2,0
9,55,2,1
9,56,2,0
9,59,2,0
9,59,2,1
9,60,2,0
9,63,2,0
9,63,2,1
9,64,2,0
9,65,2,0
9,66,2,0
9,69,2,0
9,69,2,1
9,70,2,0
9,71,2,0
9,72,2,1
9,73,2,1
9,74,2,0
9,74,2,1
9,77,2,1
9,78,2,1
9,79,2,1
9,80,2,0
9,80,2,1
9,83,2,1
9,84,2,0
9,84,2,1
9,87,2,1
9,88,2,0
9,91,2,1
9,92,2,0
9,93,2,0
9,95,2,1
9,96,2,0
9,96,2,1
9,99,2,1
9,101,2,1
9,102,2,0
9,102,2,1
9,105,2,1
9,106,2,0
9,106,2,1
9,109,2,1
9,110,2,0
9,113,2,1
9,115,2,1
9,116,2,0
9,119,2,1
9,120,2,0
9,120,2,1
9,123,2,1
9,124,2,0
9,127,2,1
9,128,2,0
9,128,2,1
9,131,2,1
9,132,2,0
9,135,2,1
9,136,2,0
9,139,2,1
9,140,2,0
9,143,2,1
