5,0,4,0
5,0,4,1
5,0,4,2
5,1,4,0
5,1,4,1
5,2,4,0
5,2,4,2
5,3,4,0
5,3,4,2
5,3,4,3
5,3,4,4
5,4,4,0
5,4,4,1
5,4,4,2
5,5,4,0
5,5,4,1
5,5,4,2
5,5,4,4
5,6,4,1
5,6,4,3
5,6,4,4
5,6,4,5
5,7,4,3
5,7,4,4
5,7,4,5
5,8,4,1
5,8,4,2
5,8,4,3
5,8,4,5
5,9,4,3
5,9,4,5
5,10,4,4
5,10,4,5
5,11,4,3
5,11,4,4
5,11,4,5
6,0,3,0
6,0,3,1
6,1,3,1
6,1,3,2
6,2,3,1
6,3,3,0
6,3,3,2
6,4,3,1
6,5,3,0
6,5,3,2
6,6,3,1
6,6,3,2
6,7,3,0
6,7,3,1
6,8,3,0
6,8,3,1
6,8,3,2
6,9,3,0
6,9,3,1
6,10,3,2
6,10,3,3
6,11,3,1
6,11,3,2
6,11,3,3
6,12,3,2
6,12,3,3
6,13,3,1
6,13,3,2
6,14,3,1
6,14,3,3
6,15,3,2
6,16,3,1
6,16,3,3
6,17,3,2
6,18,3,1
6,18,3,2
6,19,3,2
6,19,3,3
7,0,2,0
7,3,2,1
7,4,2,0
7,7,2,0
7,7,2,1
7,8,2,0
7,11,2,0
7,11,2,1
7,12,2,0
7,14,2,0
7,17,2,0
7,17,2,1
7,18,2,0
7,19,2,0
7,20,2,1
7,21,2,1
7,22,2,0
7,22,2,1
7,25,2,1
7,27,2,1
7,28,2,0
7,28,2,1
7,31,2,1
7,32,2,0
7,32,2,1
7,35,2,1
7,36,2,0
7,39,2,1
