8,0,1,0
8,1,1,1
8,2,1,0
8,3,1,1
8,4,1,0
8,5,1,1
8,6,1,0
8,7,1,1
8,8,1,0
8,9,1,1
8,10,1,0
8,11,1,1
8,12,1,0
8,13,1,1
8,14,1,0
8,15,1,0
8,16,1,1
8,17,1,0
8,18,1,1
8,19,1,0
8,20,1,1
8,21,1,0
8,22,1,0
8,23,1,1
8,24,1,0
8,25,1,1
8,26,1,0
8,27,1,1
8,28,1,0
8,29,1,1
8,30,1,0
8,31,1,1
8,32,1,0
8,33,1,0
8,34,1,1
8,35,1,0
8,36,1,1
8,37,1,0
8,38,1,1
8,39,1,1
8,40,1,0
8,41,1,1
8,42,1,0
8,43,1,1
8,44,1,0
8,45,1,1
8,46,1,0
8,47,1,1
8,48,1,0
8,49,1,1
8,50,1,1
8,51,1,0
8,52,1,1
8,53,1,0
8,54,1,1
8,55,1,0
8,56,1,1
8,57,1,1
8,58,1,0
8,59,1,1
8,60,1,0
8,61,1,1
8,62,1,0
8,63,1,1
8,64,1,0
8,65,1,1
8,66,1,0
8,67,1,1
8,68,1,0
8,69,1,1
8,70,1,0
8,71,1,1
8,0,2,0
8,3,2,1
8,4,2,0
8,7,2,0
8,7,2,1
8,8,2,0
8,11,2,0
8,11,2,1
8,12,2,0
8,15,2,0
8,18,2,0
8,18,2,1
8,19,2,0
8,20,2,0
8,22,2,0
8,23,2,0
8,25,2,1
8,26,2,0
8,29,2,0
8,29,2,1
8,30,2,0
8,31,2,0
8,32,2,0
8,33,2,0
8,34,2,0
8,35,2,0
8,36,2,1
8,37,2,1
8,38,2,1
8,39,2,1
8,40,2,1
8,41,2,1
8,42,2,0
8,42,2,1
8,45,2,1
8,46,2,0
8,48,2,1
8,49,2,1
8,51,2,1
8,52,2,1
8,53,2,0
8,53,2,1
8,56,2,1
8,59,2,1
8,60,2,0
8,60,2,1
8,63,2,1
8,64,2,0
8,64,2,1
8,67,2,1
8,68,2,0
8,71,2,1
8,0,3,0
8,0,3,1
8,1,3,1
8,1,3,2
8,2,3,1
8,3,3,2
8,4,3,1
8,5,3,2
8,6,3,1
8,6,3,2
8,7,3,0
8,7,3,2
8,7,3,3
8,8,3,0
8,8,3,1
8,9,3,1
8,9,3,2
8,10,3,1
8,11,3,0
8,11,3,2
8,12,3,1
8,13,3,2
8,14,3,1
8,14,3,2
8,15,3,0
8,15,3,1
8,16,3,1
8,16,3,2
8,17,3,1
8,18,3,0
8,18,3,2
8,19,3,1
8,20,3,0
8,20,3,2
8,21,3,1
8,21,3,2
8,22,3,0
8,22,3,1
8,23,3,0
8,23,3,1
8,23,3,2
8,24,3,1
8,25,3,2
8,25,3,3
8,26,3,0
8,26,3,1
8,27,3,1
8,27,3,2
8,28,3,1
8,29,3,0
8,29,3,2
8,30,3,1
8,31,3,0
8,31,3,2
8,32,3,0
8,32,3,1
8,32,3,2
8,33,3,0
8,33,3,1
8,34,3,0
8,34,3,1
8,34,3,2
8,35,3,0
8,35,3,1
8,36,3,2
8,36,3,3
8,37,3,1
8,37,3,2
8,37,3,3
8,38,3,2
8,38,3,3
8,39,3,1
8,39,3,2
8,39,3,3
8,40,3,1
8,40,3,3
8,41,3,2
8,42,3,1
8,42,3,3
8,43,3,2
8,44,3,1
8,44,3,2
8,45,3,2
8,45,3,3
8,46,3,0
8,46,3,1
8,47,3,2
8,48,3,1
8,48,3,2
8,48,3,3
8,49,3,2
8,49,3,3
8,50,3,1
8,50,3,2
8,51,3,1
8,51,3,3
8,52,3,2
8,53,3,1
8,53,3,3
8,54,3,2
8,55,3,1
8,55,3,2
8,56,3,2
8,56,3,3
8,57,3,1
8,57,3,2
8,58,3,1
8,59,3,2
8,60,3,1
8,60,3,3
8,61,3,2
8,62,3,1
8,62,3,2
8,63,3,2
8,63,3,3
8,64,3,0
8,64,3,1
8,64,3,3
8,65,3,1
8,65,3,2
8,66,3,1
8,67,3,2
8,68,3,1
8,69,3,2
8,70,3,1
8,70,3,2
8,71,3,2
8,71,3,3
8,0,4,0
8,0,4,1
8,0,4,2
8,1,4,1
8,2,4,2
8,3,4,0
8,3,4,3
8,3,4,4
8,4,4,1
8,4,4,2
8,5,4,0
8,7,4,0
8,7,4,3
8,7,4,4
8,8,4,1
8,8,4,2
8,9,4,0
8,10,4,0
8,11,4,0
8,11,4,3
8,11,4,4
8,12,4,0
8,12,4,1
8,12,4,2
8,13,4,3
8,14,4,4
8,15,4,0
8,15,4,1
8,15,4,2
8,16,4,0
8,16,4,1
8,17,4,0
8,17,4,2
8,18,4,0
8,18,4,1
8,18,4,3
8,18,4,4
8,19,4,0
8,19,4,1
8,19,4,2
8,20,4,0
8,20,4,1
8,21,4,1
8,22,4,0
8,22,4,1
8,22,4,2
8,23,4,0
8,23,4,1
8,24,4,1
8,25,4,3
8,25,4,4
8,25,4,5
8,26,4,0
8,26,4,1
8,26,4,2
8,27,4,0
8,27,4,1
8,28,4,0
8,28,4,2
8,29,4,0
8,29,4,2
8,29,4,3
8,29,4,4
8,30,4,0
8,30,4,1
8,30,4,2
8,31,4,0
8,31,4,1
8,31,4,2
8,32,4,0
8,32,4,1
8,33,4,0
8,33,4,1
8,33,4,2
8,34,4,0
8,34,4,1
8,34,4,2
8,35,4,0
8,35,4,2
8,36,4,3
8,36,4,5
8,37,4,3
8,37,4,4
8,37,4,5
8,38,4,3
8,38,4,4
8,38,4,5
8,39,4,4
8,39,4,5
8,40,4,3
8,40,4,4
8,40,4,5
8,41,4,3
8,41,4,4
8,41,4,5
8,42,4,1
8,42,4,2
8,42,4,3
8,42,4,5
8,43,4,3
8,43,4,5
8,44,4,4
8,44,4,5
8,45,4,3
8,45,4,4
8,45,4,5
8,46,4,0
8,46,4,1
8,46,4,2
8,47,4,4
8,48,4,4
8,48,4,5
8,49,4,3
8,49,4,4
8,49,4,5
8,50,4,4
8,51,4,4
8,51,4,5
8,52,4,3
8,52,4,4
8,52,4,5
8,53,4,1
8,53,4,2
8,53,4,4
8,53,4,5
8,54,4,3
8,54,4,5
8,55,4,4
8,55,4,5
8,56,4,3
8,56,4,4
8,56,4,5
8,57,4,1
8,58,4,2
8,59,4,3
8,59,4,4
8,59,4,5
8,60,4,1
8,60,4,2
8,60,4,5
8,61,4,5
8,62,4,5
8,63,4,3
8,63,4,4
8,64,4,1
8,64,4,2
8,64,4,5
8,66,4,5
8,67,4,3
8,67,4,4
8,68,4,1
8,68,4,2
8,68,4,5
8,69,4,3
8,70,4,4
8,71,4,3
8,71,4,4
8,71,4,5
8,0,5,0
8,0,5,1
8,0,5,2
8,0,5,3
8,0,5,4
8,0,5,5
8,1,5,1
8,1,5,5
8,1,5,6
8,1,5,8
8,2,5,2
8,2,5,3
8,2,5,5
8,3,5,0
8,3,5,3
8,3,5,6
8,3,5,8
8,4,5,3
8,4,5,4
8,4,5,5
8,5,5,0
8,5,5,5
8,5,5,6
8,5,5,8
8,6,5,3
8,6,5,5
8,6,5,6
8,7,5,0
8,7,5,4
8,7,5,6
8,7,5,7
8,7,5,8
8,7,5,9
8,7,5,10
8,8,5,1
8,8,5,2
8,8,5,3
8,8,5,4
8,8,5,5
8,9,5,0
8,9,5,5
8,9,5,6
8,9,5,8
8,10,5,0
8,10,5,3
8,10,5,5
8,11,5,0
8,11,5,4
8,11,5,6
8,11,5,8
8,12,5,0
8,12,5,3
8,12,5,5
8,13,5,6
8,13,5,8
8,14,5,3
8,14,5,5
8,14,5,6
8,15,5,1
8,15,5,2
8,15,5,3
8,15,5,4
8,15,5,5
8,16,5,0
8,16,5,5
8,16,5,6
8,16,5,8
8,17,5,0
8,17,5,3
8,17,5,5
8,18,5,0
8,18,5,1
8,18,5,4
8,18,5,6
8,18,5,8
8,19,5,0
8,19,5,3
8,19,5,5
8,20,5,0
8,20,5,1
8,20,5,4
8,20,5,6
8,20,5,8
8,21,5,1
8,21,5,3
8,21,5,5
8,21,5,6
8,22,5,0
8,22,5,1
8,22,5,2
8,22,5,3
8,22,5,4
8,22,5,5
8,23,5,0
8,23,5,1
8,23,5,4
8,23,5,5
8,23,5,6
8,23,5,8
8,24,5,1
8,24,5,3
8,24,5,5
8,24,5,6
8,25,5,6
8,25,5,7
8,25,5,8
8,25,5,11
8,26,5,0
8,26,5,1
8,26,5,2
8,26,5,3
8,26,5,4
8,26,5,5
8,27,5,0
8,27,5,1
8,27,5,5
8,27,5,6
8,27,5,8
8,28,5,0
8,28,5,2
8,28,5,3
8,28,5,5
8,29,5,0
8,29,5,2
8,29,5,3
8,29,5,4
8,29,5,6
8,29,5,8
8,30,5,0
8,30,5,3
8,30,5,4
8,30,5,5
8,31,5,0
8,31,5,1
8,31,5,2
8,31,5,4
8,31,5,5
8,31,5,6
8,31,5,8
8,32,5,0
8,32,5,1
8,32,5,3
8,32,5,4
8,32,5,5
8,32,5,6
8,32,5,8
8,33,5,0
8,33,5,1
8,33,5,2
8,33,5,3
8,33,5,4
8,33,5,5
8,34,5,0
8,34,5,1
8,34,5,2
8,34,5,4
8,34,5,5
8,34,5,6
8,34,5,8
8,35,5,0
8,35,5,2
8,35,5,3
8,35,5,4
8,35,5,5
8,35,5,8
8,36,5,3
8,36,5,6
8,36,5,7
8,36,5,8
8,36,5,9
8,36,5,11
8,37,5,3
8,37,5,5
8,37,5,6
8,37,5,7
8,37,5,9
8,37,5,10
8,37,5,11
8,38,5,6
8,38,5,7
8,38,5,8
8,38,5,9
8,38,5,10
8,38,5,11
8,39,5,3
8,39,5,5
8,39,5,6
8,39,5,7
8,39,5,8
8,39,5,10
8,39,5,11
8,40,5,3
8,40,5,5
8,40,5,6
8,40,5,7
8,40,5,9
8,40,5,10
8,40,5,11
8,41,5,6
8,41,5,7
8,41,5,8
8,41,5,11
8,42,5,3
8,42,5,5
8,42,5,7
8,42,5,8
8,42,5,9
8,42,5,11
8,43,5,6
8,43,5,8
8,43,5,9
8,43,5,11
8,44,5,3
8,44,5,5
8,44,5,6
8,44,5,10
8,44,5,11
8,45,5,6
8,45,5,7
8,45,5,8
8,45,5,9
8,45,5,10
8,45,5,11
8,46,5,0
8,46,5,3
8,46,5,4
8,46,5,5
8,47,5,5
8,47,5,6
8,47,5,8
8,47,5,10
8,48,5,3
8,48,5,5
8,48,5,6
8,48,5,7
8,48,5,10
8,48,5,11
8,49,5,6
8,49,5,7
8,49,5,8
8,49,5,9
8,49,5,10
8,49,5,11
8,50,5,5
8,50,5,6
8,50,5,8
8,50,5,10
8,51,5,3
8,51,5,5
8,51,5,7
8,51,5,10
8,51,5,11
8,52,5,6
8,52,5,8
8,52,5,11
8,53,5,3
8,53,5,5
8,53,5,7
8,53,5,10
8,53,5,11
8,54,5,6
8,54,5,8
8,54,5,11
8,55,5,3
8,55,5,5
8,55,5,6
8,55,5,11
8,56,5,6
8,56,5,7
8,56,5,8
8,56,5,9
8,56,5,10
8,57,5,5
8,57,5,6
8,57,5,8
8,58,5,3
8,58,5,5
8,59,5,6
8,59,5,8
8,59,5,11
8,60,5,3
8,60,5,5
8,60,5,7
8,60,5,11
8,61,5,6
8,61,5,8
8,61,5,11
8,62,5,3
8,62,5,5
8,62,5,6
8,62,5,11
8,63,5,6
8,63,5,7
8,63,5,8
8,63,5,9
8,63,5,10
8,64,5,1
8,64,5,2
8,64,5,3
8,64,5,4
8,64,5,5
8,64,5,7
8,64,5,11
8,65,5,5
8,65,5,6
8,65,5,8
8,66,5,3
8,66,5,5
8,66,5,6
8,66,5,11
8,67,5,6
8,67,5,7
8,67,5,8
8,68,5,3
8,68,5,5
8,68,5,8
8,68,5,11
8,69,5,6
8,69,5,8
8,69,5,9
8,70,5,3
8,70,5,5
8,70,5,6
8,70,5,10
8,71,5,6
8,71,5,7
8,71,5,8
8,71,5,9
8,71,5,10
8,71,5,11
8,0,6,0
8,0,6,1
8,0,6,2
8,0,6,3
8,0,6,4
8,0,6,5
8,0,6,7
8,0,6,8
8,0,6,9
8,1,6,0
8,1,6,1
8,1,6,5
8,1,6,6
8,1,6,8
8,2,6,0
8,2,6,2
8,2,6,8
8,2,6,9
8,3,6,0
8,3,6,3
8,3,6,10
8,3,6,11
8,3,6,14
8,3,6,16
8,4,6,0
8,4,6,3
8,4,6,4
8,4,6,5
8,4,6,8
8,4,6,9
8,5,6,0
8,5,6,1
8,5,6,5
8,6,6,1
8,6,6,6
8,7,6,0
8,7,6,4
8,7,6,7
8,7,6,10
8,7,6,11
8,7,6,14
8,7,6,16
8,8,6,0
8,8,6,3
8,8,6,5
8,8,6,7
8,8,6,8
8,8,6,9
8,9,6,0
8,9,6,1
8,9,6,2
8,9,6,8
8,10,6,0
8,10,6,2
8,10,6,9
8,11,6,0
8,11,6,3
8,11,6,4
8,11,6,7
8,11,6,10
8,11,6,11
8,11,6,14
8,11,6,16
8,12,6,0
8,12,6,3
8,12,6,5
8,12,6,8
8,12,6,9
8,13,6,3
8,13,6,10
8,13,6,11
8,14,6,3
8,14,6,11
8,14,6,13
8,14,6,14
8,15,6,0
8,15,6,1
8,15,6,2
8,15,6,3
8,15,6,4
8,15,6,5
8,15,6,7
8,15,6,8
8,15,6,9
8,16,6,0
8,16,6,1
8,16,6,4
8,16,6,5
8,16,6,6
8,16,6,8
8,17,6,0
8,17,6,2
8,17,6,4
8,17,6,8
8,17,6,9
8,18,6,0
8,18,6,1
8,18,6,3
8,18,6,4
8,18,6,7
8,18,6,10
8,18,6,11
8,18,6,14
8,18,6,16
8,19,6,0
8,19,6,3
8,19,6,4
8,19,6,5
8,19,6,8
8,19,6,9
8,20,6,0
8,20,6,1
8,20,6,4
8,20,6,5
8,20,6,7
8,20,6,16
8,21,6,1
8,21,6,5
8,21,6,6
8,22,6,0
8,22,6,3
8,22,6,5
8,22,6,8
8,22,6,9
8,23,6,0
8,23,6,1
8,23,6,4
8,23,6,6
8,23,6,7
8,23,6,16
8,24,6,1
8,24,6,6
8,25,6,10
8,25,6,11
8,25,6,12
8,25,6,14
8,25,6,16
8,25,6,19
8,26,6,0
8,26,6,1
8,26,6,2
8,26,6,3
8,26,6,4
8,26,6,5
8,26,6,7
8,26,6,8
8,26,6,9
8,27,6,0
8,27,6,1
8,27,6,5
8,27,6,6
8,27,6,7
8,27,6,8
8,28,6,0
8,28,6,2
8,28,6,7
8,28,6,8
8,28,6,9
8,29,6,0
8,29,6,2
8,29,6,3
8,29,6,4
8,29,6,7
8,29,6,10
8,29,6,11
8,29,6,14
8,29,6,16
8,30,6,0
8,30,6,3
8,30,6,4
8,30,6,5
8,30,6,7
8,30,6,8
8,30,6,9
8,31,6,0
8,31,6,1
8,31,6,2
8,31,6,4
8,31,6,5
8,31,6,7
8,31,6,8
8,31,6,16
8,32,6,0
8,32,6,1
8,32,6,4
8,32,6,6
8,32,6,7
8,32,6,8
8,32,6,16
8,33,6,0
8,33,6,3
8,33,6,5
8,33,6,7
8,33,6,8
8,33,6,9
8,34,6,0
8,34,6,1
8,34,6,2
8,34,6,4
8,34,6,7
8,34,6,8
8,34,6,9
8,34,6,16
8,35,6,0
8,35,6,2
8,35,6,4
8,35,6,7
8,35,6,9
8,35,6,16
8,36,6,3
8,36,6,10
8,36,6,12
8,36,6,15
8,36,6,17
8,36,6,19
8,37,6,3
8,37,6,10
8,37,6,11
8,37,6,12
8,37,6,15
8,37,6,17
8,37,6,18
8,37,6,19
8,38,6,10
8,38,6,11
8,38,6,12
8,38,6,14
8,38,6,16
8,38,6,19
8,39,6,3
8,39,6,11
8,39,6,12
8,39,6,13
8,39,6,15
8,39,6,18
8,39,6,19
8,40,6,3
8,40,6,11
8,40,6,12
8,40,6,14
8,40,6,15
8,40,6,17
8,40,6,18
8,40,6,19
8,41,6,10
8,41,6,11
8,41,6,12
8,41,6,14
8,41,6,15
8,41,6,16
8,41,6,19
8,42,6,3
8,42,6,5
8,42,6,8
8,42,6,9
8,42,6,12
8,42,6,15
8,42,6,16
8,42,6,17
8,42,6,19
8,43,6,10
8,43,6,11
8,43,6,12
8,43,6,17
8,43,6,19
8,44,6,11
8,44,6,12
8,44,6,13
8,44,6,14
8,44,6,18
8,44,6,19
8,45,6,10
8,45,6,11
8,45,6,12
8,45,6,14
8,45,6,15
8,45,6,16
8,45,6,17
8,45,6,18
8,45,6,19
8,46,6,0
8,46,6,3
8,46,6,5
8,46,6,7
8,46,6,8
8,46,6,9
8,47,6,13
8,47,6,18
8,48,6,3
8,48,6,12
8,48,6,13
8,48,6,15
8,48,6,18
8,48,6,19
8,49,6,10
8,49,6,11
8,49,6,14
8,49,6,16
8,49,6,19
8,50,6,13
8,50,6,14
8,50,6,18
8,51,6,3
8,51,6,12
8,51,6,14
8,51,6,15
8,51,6,18
8,51,6,19
8,52,6,10
8,52,6,11
8,52,6,14
8,52,6,15
8,52,6,16
8,52,6,19
8,53,6,3
8,53,6,5
8,53,6,8
8,53,6,9
8,53,6,12
8,53,6,15
8,53,6,16
8,53,6,18
8,53,6,19
8,54,6,10
8,54,6,11
8,54,6,15
8,54,6,17
8,54,6,19
8,55,6,11
8,55,6,13
8,55,6,14
8,55,6,15
8,55,6,18
8,55,6,19
8,56,6,10
8,56,6,11
8,56,6,12
8,56,6,14
8,56,6,15
8,56,6,16
8,56,6,17
8,56,6,18
8,56,6,19
8,57,6,5
8,57,6,6
8,57,6,8
8,57,6,16
8,58,6,8
8,58,6,9
8,58,6,16
8,59,6,10
8,59,6,11
8,59,6,14
8,59,6,16
8,59,6,19
8,60,6,3
8,60,6,5
8,60,6,8
8,60,6,9
8,60,6,12
8,60,6,15
8,60,6,16
8,60,6,19
8,61,6,10
8,61,6,17
8,61,6,19
8,62,6,11
8,62,6,17
8,62,6,18
8,62,6,19
8,63,6,10
8,63,6,11
8,63,6,12
8,63,6,14
8,63,6,16
8,63,6,19
8,64,6,3
8,64,6,5
8,64,6,8
8,64,6,9
8,64,6,12
8,64,6,15
8,64,6,19
8,65,6,13
8,65,6,18
8,66,6,14
8,66,6,18
8,66,6,19
8,67,6,10
8,67,6,11
8,67,6,14
8,67,6,15
8,67,6,16
8,67,6,19
8,68,6,3
8,68,6,5
8,68,6,8
8,68,6,9
8,68,6,16
8,68,6,19
8,69,6,10
8,69,6,11
8,69,6,17
8,69,6,19
8,70,6,11
8,70,6,13
8,70,6,14
8,70,6,18
8,70,6,19
8,71,6,10
8,71,6,11
8,71,6,12
8,71,6,14
8,71,6,15
8,71,6,16
8,71,6,17
8,71,6,18
8,71,6,19
8,0,7,0
8,0,7,1
8,0,7,2
8,0,7,3
8,0,7,4
8,0,7,5
8,0,7,7
8,0,7,8
8,0,7,9
8,0,7,10
8,0,7,11
8,0,7,12
8,0,7,14
8,0,7,15
8,0,7,16
8,0,7,17
8,0,7,18
8,0,7,19
8,1,7,0
8,1,7,1
8,1,7,5
8,1,7,6
8,1,7,9
8,1,7,15
8,1,7,17
8,1,7,19
8,1,7,20
8,1,7,22
8,1,7,28
8,1,7,32
8,2,7,0
8,2,7,2
8,2,7,7
8,2,7,9
8,2,7,10
8,2,7,11
8,2,7,16
8,2,7,17
8,2,7,19
8,3,7,0
8,3,7,3
8,3,7,11
8,3,7,13
8,3,7,14
8,3,7,17
8,3,7,20
8,3,7,22
8,3,7,28
8,3,7,32
8,4,7,0
8,4,7,4
8,4,7,7
8,4,7,11
8,4,7,15
8,4,7,16
8,4,7,17
8,4,7,18
8,4,7,19
8,5,7,0
8,5,7,1
8,5,7,5
8,5,7,14
8,5,7,19
8,5,7,20
8,5,7,22
8,5,7,28
8,5,7,32
8,6,7,1
8,6,7,6
8,6,7,7
8,6,7,11
8,6,7,17
8,6,7,19
8,6,7,20
8,6,7,22
8,7,7,0
8,7,7,4
8,7,7,7
8,7,7,8
8,7,7,12
8,7,7,14
8,7,7,18
8,7,7,20
8,7,7,21
8,7,7,22
8,7,7,23
8,7,7,24
8,7,7,27
8,7,7,28
8,7,7,29
8,7,7,30
8,7,7,32
8,7,7,34
8,7,7,36
8,8,7,0
8,8,7,3
8,8,7,5
8,8,7,7
8,8,7,8
8,8,7,9
8,8,7,10
8,8,7,11
8,8,7,12
8,8,7,15
8,8,7,16
8,8,7,17
8,8,7,18
8,8,7,19
8,9,7,0
8,9,7,1
8,9,7,2
8,9,7,9
8,9,7,14
8,9,7,17
8,9,7,19
8,9,7,20
8,9,7,22
8,9,7,28
8,9,7,32
8,10,7,0
8,10,7,2
8,10,7,7
8,10,7,10
8,10,7,11
8,10,7,14
8,10,7,17
8,10,7,19
8,11,7,0
8,11,7,3
8,11,7,4
8,11,7,8
8,11,7,11
8,11,7,12
8,11,7,14
8,11,7,18
8,11,7,20
8,11,7,22
8,11,7,28
8,11,7,32
8,11,7,36
8,12,7,0
8,12,7,7
8,12,7,11
8,12,7,12
8,12,7,14
8,12,7,17
8,12,7,19
8,13,7,3
8,13,7,13
8,13,7,20
8,13,7,22
8,13,7,28
8,13,7,32
8,14,7,3
8,14,7,7
8,14,7,11
8,14,7,17
8,14,7,19
8,14,7,20
8,14,7,22
8,15,7,0
8,15,7,3
8,15,7,5
8,15,7,7
8,15,7,9
8,15,7,10
8,15,7,11
8,15,7,12
8,15,7,14
8,15,7,15
8,15,7,16
8,15,7,17
8,15,7,18
8,15,7,19
8,16,7,0
8,16,7,1
8,16,7,4
8,16,7,14
8,16,7,15
8,16,7,17
8,16,7,19
8,16,7,20
8,16,7,22
8,16,7,28
8,16,7,32
8,17,7,0
8,17,7,2
8,17,7,4
8,17,7,7
8,17,7,11
8,17,7,14
8,17,7,16
8,17,7,17
8,17,7,19
8,18,7,0
8,18,7,1
8,18,7,3
8,18,7,4
8,18,7,8
8,18,7,12
8,18,7,14
8,18,7,15
8,18,7,17
8,18,7,18
8,18,7,20
8,18,7,22
8,18,7,28
8,18,7,32
8,18,7,36
8,19,7,0
8,19,7,4
8,19,7,7
8,19,7,11
8,19,7,14
8,19,7,17
8,19,7,18
8,19,7,19
8,20,7,0
8,20,7,1
8,20,7,4
8,20,7,5
8,20,7,8
8,20,7,12
8,20,7,14
8,20,7,15
8,20,7,18
8,20,7,19
8,20,7,20
8,20,7,22
8,20,7,28
8,20,7,32
8,20,7,36
8,21,7,1
8,21,7,5
8,21,7,6
8,21,7,7
8,21,7,11
8,21,7,15
8,21,7,17
8,21,7,19
8,21,7,20
8,21,7,22
8,22,7,0
8,22,7,3
8,22,7,5
8,22,7,7
8,22,7,9
8,22,7,10
8,22,7,11
8,22,7,12
8,22,7,14
8,22,7,15
8,22,7,16
8,22,7,17
8,22,7,18
8,22,7,19
8,23,7,0
8,23,7,1
8,23,7,4
8,23,7,6
8,23,7,8
8,23,7,12
8,23,7,14
8,23,7,15
8,23,7,17
8,23,7,18
8,23,7,19
8,23,7,20
8,23,7,22
8,23,7,28
8,23,7,32
8,23,7,36
8,24,7,1
8,24,7,6
8,24,7,7
8,24,7,11
8,24,7,15
8,24,7,17
8,24,7,19
8,24,7,20
8,25,7,7
8,25,7,20
8,25,7,21
8,25,7,22
8,25,7,23
8,25,7,24
8,25,7,25
8,25,7,28
8,25,7,31
8,25,7,32
8,25,7,39
8,26,7,0
8,26,7,1
8,26,7,2
8,26,7,3
8,26,7,4
8,26,7,5
8,26,7,7
8,26,7,8
8,26,7,9
8,26,7,10
8,26,7,11
8,26,7,12
8,26,7,14
8,26,7,15
8,26,7,16
8,26,7,17
8,26,7,18
8,26,7,19
8,27,7,0
8,27,7,1
8,27,7,5
8,27,7,6
8,27,7,8
8,27,7,9
8,27,7,14
8,27,7,15
8,27,7,17
8,27,7,19
8,27,7,20
8,27,7,22
8,27,7,28
8,27,7,32
8,28,7,0
8,28,7,2
8,28,7,7
8,28,7,8
8,28,7,9
8,28,7,10
8,28,7,11
8,28,7,14
8,28,7,16
8,28,7,17
8,28,7,19
8,29,7,0
8,29,7,2
8,29,7,3
8,29,7,4
8,29,7,8
8,29,7,11
8,29,7,12
8,29,7,13
8,29,7,14
8,29,7,16
8,29,7,17
8,29,7,18
8,29,7,20
8,29,7,22
8,29,7,26
8,29,7,28
8,29,7,32
8,29,7,36
8,30,7,0
8,30,7,4
8,30,7,7
8,30,7,8
8,30,7,11
8,30,7,14
8,30,7,15
8,30,7,16
8,30,7,17
8,30,7,18
8,30,7,19
8,31,7,0
8,31,7,1
8,31,7,2
8,31,7,4
8,31,7,5
8,31,7,8
8,31,7,9
8,31,7,12
8,31,7,14
8,31,7,15
8,31,7,16
8,31,7,18
8,31,7,19
8,31,7,20
8,31,7,22
8,31,7,26
8,31,7,28
8,31,7,32
8,31,7,36
8,32,7,0
8,32,7,1
8,32,7,4
8,32,7,6
8,32,7,7
8,32,7,8
8,32,7,9
8,32,7,11
8,32,7,12
8,32,7,14
8,32,7,15
8,32,7,17
8,32,7,18
8,32,7,19
8,32,7,20
8,32,7,22
8,32,7,28
8,32,7,32
8,32,7,36
8,33,7,0
8,33,7,3
8,33,7,5
8,33,7,7
8,33,7,8
8,33,7,9
8,33,7,10
8,33,7,11
8,33,7,12
8,33,7,14
8,33,7,15
8,33,7,16
8,33,7,17
8,33,7,18
8,33,7,19
8,34,7,0
8,34,7,1
8,34,7,2
8,34,7,4
8,34,7,8
8,34,7,9
8,34,7,10
8,34,7,12
8,34,7,14
8,34,7,15
8,34,7,16
8,34,7,17
8,34,7,18
8,34,7,19
8,34,7,20
8,34,7,22
8,34,7,26
8,34,7,28
8,34,7,32
8,34,7,36
8,35,7,0
8,35,7,2
8,35,7,4
8,35,7,7
8,35,7,8
8,35,7,10
8,35,7,11
8,35,7,12
8,35,7,14
8,35,7,16
8,35,7,17
8,35,7,18
8,35,7,19
8,35,7,22
8,35,7,26
8,35,7,28
8,35,7,32
8,35,7,36
8,36,7,3
8,36,7,7
8,36,7,11
8,36,7,13
8,36,7,17
8,36,7,20
8,36,7,21
8,36,7,22
8,36,7,23
8,36,7,25
8,36,7,27
8,36,7,28
8,36,7,29
8,36,7,31
8,36,7,32
8,36,7,35
8,36,7,37
8,36,7,39
8,37,7,3
8,37,7,7
8,37,7,11
8,37,7,13
8,37,7,17
8,37,7,19
8,37,7,20
8,37,7,21
8,37,7,22
8,37,7,23
8,37,7,24
8,37,7,25
8,37,7,27
8,37,7,29
8,37,7,30
8,37,7,31
8,37,7,35
8,37,7,37
8,37,7,38
8,37,7,39
8,38,7,20
8,38,7,21
8,38,7,22
8,38,7,23
8,38,7,24
8,38,7,25
8,38,7,27
8,38,7,28
8,38,7,29
8,38,7,30
8,38,7,31
8,38,7,32
8,38,7,34
8,38,7,36
8,38,7,39
8,39,7,3
8,39,7,7
8,39,7,11
8,39,7,17
8,39,7,19
8,39,7,20
8,39,7,21
8,39,7,22
8,39,7,24
8,39,7,25
8,39,7,27
8,39,7,28
8,39,7,30
8,39,7,31
8,39,7,32
8,39,7,33
8,39,7,35
8,39,7,38
8,39,7,39
8,40,7,3
8,40,7,7
8,40,7,11
8,40,7,13
8,40,7,17
8,40,7,19
8,40,7,20
8,40,7,21
8,40,7,23
8,40,7,24
8,40,7,25
8,40,7,27
8,40,7,30
8,40,7,31
8,40,7,34
8,40,7,35
8,40,7,37
8,40,7,38
8,40,7,39
8,41,7,20
8,41,7,21
8,41,7,22
8,41,7,23
8,41,7,24
8,41,7,25
8,41,7,28
8,41,7,31
8,41,7,32
8,41,7,35
8,41,7,39
8,42,7,3
8,42,7,7
8,42,7,11
8,42,7,13
8,42,7,17
8,42,7,19
8,42,7,21
8,42,7,22
8,42,7,23
8,42,7,25
8,42,7,26
8,42,7,27
8,42,7,28
8,42,7,31
8,42,7,35
8,42,7,36
8,42,7,37
8,42,7,39
8,43,7,20
8,43,7,22
8,43,7,23
8,43,7,25
8,43,7,28
8,43,7,29
8,43,7,30
8,43,7,31
8,43,7,32
8,43,7,37
8,43,7,39
8,44,7,7
8,44,7,11
8,44,7,17
8,44,7,19
8,44,7,20
8,44,7,22
8,44,7,24
8,44,7,25
8,44,7,30
8,44,7,31
8,44,7,33
8,44,7,34
8,44,7,38
8,44,7,39
8,45,7,20
8,45,7,21
8,45,7,22
8,45,7,23
8,45,7,24
8,45,7,25
8,45,7,27
8,45,7,28
8,45,7,29
8,45,7,30
8,45,7,31
8,45,7,32
8,45,7,34
8,45,7,35
8,45,7,36
8,45,7,37
8,45,7,38
8,45,7,39
8,46,7,0
8,46,7,7
8,46,7,8
8,46,7,11
8,46,7,14
8,46,7,15
8,46,7,16
8,46,7,17
8,46,7,18
8,46,7,19
8,46,7,32
8,47,7,19
8,47,7,20
8,47,7,22
8,47,7,24
8,47,7,28
8,47,7,32
8,47,7,33
8,47,7,38
8,48,7,3
8,48,7,7
8,48,7,11
8,48,7,17
8,48,7,19
8,48,7,20
8,48,7,21
8,48,7,22
8,48,7,24
8,48,7,25
8,48,7,27
8,48,7,31
8,48,7,33
8,48,7,35
8,48,7,38
8,48,7,39
8,49,7,20
8,49,7,21
8,49,7,22
8,49,7,23
8,49,7,24
8,49,7,25
8,49,7,27
8,49,7,28
8,49,7,29
8,49,7,30
8,49,7,32
8,49,7,34
8,49,7,36
8,49,7,39
8,50,7,17
8,50,7,19
8,50,7,20
8,50,7,22
8,50,7,24
8,50,7,28
8,50,7,32
8,50,7,33
8,50,7,34
8,50,7,38
8,51,7,3
8,51,7,7
8,51,7,11
8,51,7,17
8,51,7,19
8,51,7,20
8,51,7,21
8,51,7,24
8,51,7,25
8,51,7,27
8,51,7,31
8,51,7,34
8,51,7,35
8,51,7,38
8,51,7,39
8,52,7,20
8,52,7,21
8,52,7,22
8,52,7,25
8,52,7,28
8,52,7,32
8,52,7,35
8,52,7,39
8,53,7,3
8,53,7,7
8,53,7,11
8,53,7,17
8,53,7,19
8,53,7,21
8,53,7,22
8,53,7,24
8,53,7,25
8,53,7,27
8,53,7,31
8,53,7,35
8,53,7,36
8,53,7,38
8,53,7,39
8,54,7,20
8,54,7,22
8,54,7,23
8,54,7,25
8,54,7,28
8,54,7,32
8,54,7,35
8,54,7,37
8,54,7,39
8,55,7,7
8,55,7,11
8,55,7,17
8,55,7,19
8,55,7,20
8,55,7,22
8,55,7,24
8,55,7,25
8,55,7,35
8,55,7,38
8,55,7,39
8,56,7,20
8,56,7,21
8,56,7,22
8,56,7,23
8,56,7,24
8,56,7,25
8,56,7,27
8,56,7,28
8,56,7,29
8,56,7,30
8,56,7,32
8,56,7,34
8,56,7,36
8,56,7,39
8,57,7,17
8,57,7,19
8,57,7,20
8,57,7,22
8,57,7,28
8,57,7,32
8,57,7,36
8,58,7,7
8,58,7,11
8,58,7,17
8,58,7,19
8,58,7,26
8,58,7,36
8,59,7,20
8,59,7,22
8,59,7,25
8,59,7,27
8,59,7,28
8,59,7,32
8,59,7,39
8,60,7,3
8,60,7,7
8,60,7,11
8,60,7,17
8,60,7,19
8,60,7,21
8,60,7,25
8,60,7,27
8,60,7,28
8,60,7,31
8,60,7,35
8,60,7,36
8,60,7,39
8,61,7,20
8,61,7,22
8,61,7,25
8,61,7,28
8,61,7,29
8,61,7,32
8,61,7,37
8,61,7,39
8,62,7,7
8,62,7,11
8,62,7,17
8,62,7,19
8,62,7,20
8,62,7,22
8,62,7,25
8,62,7,30
8,62,7,37
8,62,7,38
8,62,7,39
8,63,7,20
8,63,7,21
8,63,7,22
8,63,7,23
8,63,7,24
8,63,7,27
8,63,7,28
8,63,7,29
8,63,7,30
8,63,7,31
8,63,7,32
8,63,7,34
8,63,7,36
8,63,7,39
8,64,7,3
8,64,7,5
8,64,7,7
8,64,7,9
8,64,7,10
8,64,7,11
8,64,7,12
8,64,7,15
8,64,7,16
8,64,7,17
8,64,7,18
8,64,7,19
8,64,7,21
8,64,7,25
8,64,7,27
8,64,7,31
8,64,7,32
8,64,7,35
8,64,7,39
8,65,7,17
8,65,7,19
8,65,7,20
8,65,7,22
8,65,7,28
8,65,7,32
8,65,7,33
8,65,7,38
8,66,7,7
8,66,7,11
8,66,7,17
8,66,7,19
8,66,7,20
8,66,7,25
8,66,7,34
8,66,7,38
8,66,7,39
8,67,7,20
8,67,7,21
8,67,7,22
8,67,7,23
8,67,7,24
8,67,7,28
8,67,7,32
8,67,7,35
8,67,7,39
8,68,7,7
8,68,7,11
8,68,7,17
8,68,7,19
8,68,7,22
8,68,7,25
8,68,7,26
8,68,7,28
8,68,7,36
8,68,7,39
8,69,7,20
8,69,7,22
8,69,7,23
8,69,7,28
8,69,7,29
8,69,7,30
8,69,7,32
8,69,7,37
8,69,7,39
8,70,7,7
8,70,7,11
8,70,7,17
8,70,7,19
8,70,7,20
8,70,7,22
8,70,7,24
8,70,7,30
8,70,7,33
8,70,7,34
8,70,7,38
8,70,7,39
8,71,7,20
8,71,7,21
8,71,7,22
8,71,7,23
8,71,7,24
8,71,7,25
8,71,7,27
8,71,7,28
8,71,7,29
8,71,7,30
8,71,7,31
8,71,7,32
8,71,7,34
8,71,7,35
8,71,7,36
8,71,7,37
8,71,7,38
8,71,7,39
8,0,8,0
8,0,8,1
8,0,8,2
8,0,8,3
8,0,8,4
8,0,8,5
8,0,8,7
8,0,8,8
8,0,8,9
8,0,8,10
8,0,8,11
8,0,8,12
8,0,8,15
8,0,8,16
8,0,8,17
8,0,8,18
8,0,8,19
8,0,8,20
8,0,8,22
8,0,8,23
8,0,8,26
8,0,8,27
8,0,8,28
8,0,8,29
8,0,8,30
8,0,8,31
8,0,8,32
8,0,8,33
8,0,8,34
8,0,8,35
8,0,8,46
8,1,8,0
8,1,8,1
8,1,8,5
8,1,8,6
8,1,8,9
8,1,8,16
8,1,8,18
8,1,8,20
8,1,8,21
8,1,8,23
8,1,8,24
8,1,8,27
8,1,8,31
8,1,8,32
8,1,8,34
8,2,8,0
8,2,8,2
8,2,8,9
8,2,8,10
8,2,8,17
8,2,8,28
8,2,8,29
8,2,8,31
8,2,8,34
8,2,8,35
8,3,8,0
8,3,8,3
8,3,8,11
8,3,8,13
8,3,8,14
8,3,8,15
8,3,8,18
8,3,8,26
8,3,8,29
8,3,8,36
8,3,8,37
8,3,8,39
8,3,8,40
8,3,8,42
8,3,8,48
8,3,8,51
8,3,8,53
8,3,8,60
8,3,8,64
8,4,8,0
8,4,8,4
8,4,8,7
8,4,8,11
8,4,8,16
8,4,8,17
8,4,8,18
8,4,8,19
8,4,8,20
8,4,8,23
8,4,8,29
8,4,8,30
8,4,8,31
8,4,8,32
8,4,8,34
8,4,8,35
8,5,8,0
8,5,8,1
8,5,8,5
8,5,8,15
8,5,8,20
8,5,8,21
8,5,8,26
8,5,8,31
8,6,8,1
8,6,8,6
8,6,8,21
8,6,8,23
8,6,8,24
8,6,8,32
8,7,8,0
8,7,8,4
8,7,8,7
8,7,8,8
8,7,8,12
8,7,8,15
8,7,8,19
8,7,8,22
8,7,8,25
8,7,8,26
8,7,8,30
8,7,8,33
8,7,8,36
8,7,8,37
8,7,8,39
8,7,8,40
8,7,8,42
8,7,8,46
8,7,8,48
8,7,8,51
8,7,8,53
8,7,8,60
8,7,8,64
8,7,8,68
8,8,8,0
8,8,8,7
8,8,8,8
8,8,8,11
8,8,8,18
8,8,8,20
8,8,8,23
8,8,8,27
8,8,8,28
8,8,8,29
8,8,8,30
8,8,8,31
8,8,8,32
8,8,8,33
8,8,8,34
8,8,8,35
8,8,8,46
8,9,8,0
8,9,8,1
8,9,8,2
8,9,8,9
8,9,8,15
8,9,8,26
8,9,8,31
8,9,8,32
8,9,8,34
8,10,8,0
8,10,8,2
8,10,8,10
8,10,8,15
8,10,8,26
8,10,8,34
8,10,8,35
8,11,8,0
8,11,8,3
8,11,8,4
8,11,8,8
8,11,8,11
8,11,8,12
8,11,8,15
8,11,8,19
8,11,8,22
8,11,8,26
8,11,8,30
8,11,8,33
8,11,8,36
8,11,8,37
8,11,8,39
8,11,8,40
8,11,8,42
8,11,8,46
8,11,8,48
8,11,8,51
8,11,8,53
8,11,8,60
8,11,8,64
8,11,8,68
8,12,8,0
8,12,8,7
8,12,8,11
8,12,8,12
8,12,8,15
8,12,8,18
8,12,8,20
8,12,8,23
8,12,8,26
8,12,8,29
8,12,8,31
8,12,8,32
8,12,8,34
8,12,8,35
8,13,8,3
8,13,8,13
8,13,8,36
8,13,8,37
8,13,8,40
8,13,8,42
8,14,8,3
8,14,8,14
8,14,8,37
8,14,8,39
8,14,8,40
8,14,8,47
8,14,8,48
8,14,8,50
8,14,8,51
8,14,8,53
8,15,8,0
8,15,8,3
8,15,8,5
8,15,8,7
8,15,8,9
8,15,8,10
8,15,8,11
8,15,8,12
8,15,8,15
8,15,8,16
8,15,8,17
8,15,8,18
8,15,8,19
8,15,8,20
8,15,8,22
8,15,8,23
8,15,8,27
8,15,8,28
8,15,8,29
8,15,8,30
8,15,8,31
8,15,8,32
8,15,8,33
8,15,8,34
8,15,8,35
8,15,8,46
8,16,8,0
8,16,8,1
8,16,8,4
8,16,8,15
8,16,8,16
8,16,8,18
8,16,8,20
8,16,8,21
8,16,8,23
8,16,8,24
8,16,8,26
8,16,8,31
8,16,8,32
8,16,8,34
8,17,8,0
8,17,8,2
8,17,8,4
8,17,8,15
8,17,8,17
8,17,8,26
8,17,8,29
8,17,8,31
8,17,8,34
8,17,8,35
8,18,8,0
8,18,8,1
8,18,8,3
8,18,8,4
8,18,8,8
8,18,8,12
8,18,8,15
8,18,8,16
8,18,8,18
8,18,8,19
8,18,8,22
8,18,8,26
8,18,8,27
8,18,8,30
8,18,8,33
8,18,8,36
8,18,8,37
8,18,8,39
8,18,8,40
8,18,8,42
8,18,8,46
8,18,8,48
8,18,8,51
8,18,8,53
8,18,8,57
8,18,8,60
8,18,8,64
8,18,8,68
8,19,8,0
8,19,8,4
8,19,8,7
8,19,8,11
8,19,8,15
8,19,8,18
8,19,8,19
8,19,8,20
8,19,8,23
8,19,8,26
8,19,8,29
8,19,8,31
8,19,8,32
8,19,8,34
8,19,8,35
8,20,8,0
8,20,8,1
8,20,8,4
8,20,8,5
8,20,8,8
8,20,8,12
8,20,8,15
8,20,8,16
8,20,8,19
8,20,8,20
8,20,8,22
8,20,8,26
8,20,8,27
8,20,8,30
8,20,8,33
8,20,8,42
8,20,8,46
8,20,8,53
8,20,8,57
8,20,8,60
8,20,8,64
8,20,8,68
8,21,8,1
8,21,8,5
8,21,8,6
8,21,8,16
8,21,8,21
8,21,8,27
8,21,8,57
8,22,8,0
8,22,8,7
8,22,8,11
8,22,8,15
8,22,8,18
8,22,8,20
8,22,8,22
8,22,8,23
8,22,8,26
8,22,8,29
8,22,8,31
8,22,8,32
8,22,8,34
8,22,8,35
8,22,8,46
8,23,8,0
8,23,8,1
8,23,8,4
8,23,8,6
8,23,8,8
8,23,8,12
8,23,8,15
8,23,8,16
8,23,8,19
8,23,8,22
8,23,8,23
8,23,8,26
8,23,8,27
8,23,8,30
8,23,8,33
8,23,8,42
8,23,8,46
8,23,8,53
8,23,8,57
8,23,8,60
8,23,8,64
8,23,8,68
8,24,8,1
8,24,8,6
8,24,8,16
8,24,8,24
8,24,8,27
8,24,8,57
8,25,8,7
8,25,8,25
8,25,8,36
8,25,8,37
8,25,8,38
8,25,8,39
8,25,8,40
8,25,8,42
8,25,8,45
8,25,8,48
8,25,8,49
8,25,8,51
8,25,8,53
8,25,8,56
8,25,8,60
8,25,8,63
8,25,8,64
8,25,8,71
8,26,8,0
8,26,8,3
8,26,8,5
8,26,8,7
8,26,8,9
8,26,8,10
8,26,8,11
8,26,8,12
8,26,8,16
8,26,8,17
8,26,8,18
8,26,8,19
8,26,8,20
8,26,8,22
8,26,8,23
8,26,8,26
8,26,8,27
8,26,8,28
8,26,8,29
8,26,8,30
8,26,8,31
8,26,8,32
8,26,8,33
8,26,8,34
8,26,8,35
8,26,8,46
8,27,8,0
8,27,8,1
8,27,8,8
8,27,8,15
8,27,8,18
8,27,8,20
8,27,8,21
8,27,8,23
8,27,8,24
8,27,8,26
8,27,8,27
8,27,8,31
8,27,8,32
8,27,8,34
8,28,8,0
8,28,8,2
8,28,8,8
8,28,8,15
8,28,8,26
8,28,8,28
8,28,8,29
8,28,8,31
8,28,8,34
8,28,8,35
8,29,8,0
8,29,8,2
8,29,8,3
8,29,8,4
8,29,8,8
8,29,8,12
8,29,8,15
8,29,8,17
8,29,8,19
8,29,8,22
8,29,8,26
8,29,8,28
8,29,8,29
8,29,8,30
8,29,8,33
8,29,8,36
8,29,8,37
8,29,8,39
8,29,8,40
8,29,8,42
8,29,8,46
8,29,8,48
8,29,8,51
8,29,8,53
8,29,8,58
8,29,8,60
8,29,8,64
8,29,8,68
8,30,8,0
8,30,8,4
8,30,8,7
8,30,8,8
8,30,8,11
8,30,8,15
8,30,8,18
8,30,8,20
8,30,8,23
8,30,8,26
8,30,8,29
8,30,8,30
8,30,8,31
8,30,8,32
8,30,8,34
8,30,8,35
8,31,8,0
8,31,8,1
8,31,8,2
8,31,8,4
8,31,8,5
8,31,8,8
8,31,8,9
8,31,8,12
8,31,8,15
8,31,8,16
8,31,8,17
8,31,8,19
8,31,8,22
8,31,8,26
8,31,8,27
8,31,8,28
8,31,8,30
8,31,8,31
8,31,8,33
8,31,8,42
8,31,8,46
8,31,8,53
8,31,8,57
8,31,8,58
8,31,8,60
8,31,8,64
8,31,8,68
8,32,8,0
8,32,8,1
8,32,8,4
8,32,8,6
8,32,8,8
8,32,8,9
8,32,8,12
8,32,8,15
8,32,8,16
8,32,8,19
8,32,8,22
8,32,8,26
8,32,8,27
8,32,8,30
8,32,8,32
8,32,8,33
8,32,8,42
8,32,8,46
8,32,8,53
8,32,8,57
8,32,8,60
8,32,8,64
8,32,8,68
8,33,8,0
8,33,8,7
8,33,8,8
8,33,8,11
8,33,8,15
8,33,8,18
8,33,8,20
8,33,8,23
8,33,8,26
8,33,8,29
8,33,8,31
8,33,8,32
8,33,8,33
8,33,8,34
8,33,8,35
8,33,8,46
8,34,8,0
8,34,8,1
8,34,8,2
8,34,8,4
8,34,8,8
8,34,8,9
8,34,8,10
8,34,8,12
8,34,8,15
8,34,8,16
8,34,8,17
8,34,8,19
8,34,8,22
8,34,8,26
8,34,8,27
8,34,8,28
8,34,8,30
8,34,8,33
8,34,8,34
8,34,8,42
8,34,8,46
8,34,8,53
8,34,8,57
8,34,8,58
8,34,8,60
8,34,8,64
8,34,8,68
8,35,8,0
8,35,8,2
8,35,8,4
8,35,8,8
8,35,8,10
8,35,8,12
8,35,8,15
8,35,8,17
8,35,8,19
8,35,8,22
8,35,8,26
8,35,8,28
8,35,8,30
8,35,8,33
8,35,8,35
8,35,8,42
8,35,8,46
8,35,8,53
8,35,8,58
8,35,8,60
8,35,8,64
8,35,8,68
8,36,8,3
8,36,8,7
8,36,8,11
8,36,8,13
8,36,8,18
8,36,8,25
8,36,8,29
8,36,8,36
8,36,8,38
8,36,8,41
8,36,8,43
8,36,8,45
8,36,8,49
8,36,8,52
8,36,8,54
8,36,8,56
8,36,8,59
8,36,8,61
8,36,8,63
8,36,8,67
8,36,8,69
8,36,8,71
8,37,8,3
8,37,8,7
8,37,8,11
8,37,8,13
8,37,8,14
8,37,8,18
8,37,8,25
8,37,8,29
8,37,8,37
8,37,8,38
8,37,8,41
8,37,8,43
8,37,8,44
8,37,8,45
8,37,8,49
8,37,8,52
8,37,8,54
8,37,8,55
8,37,8,56
8,37,8,59
8,37,8,61
8,37,8,62
8,37,8,63
8,37,8,67
8,37,8,69
8,37,8,70
8,37,8,71
8,38,8,25
8,38,8,36
8,38,8,37
8,38,8,38
8,38,8,39
8,38,8,40
8,38,8,42
8,38,8,45
8,38,8,48
8,38,8,51
8,38,8,53
8,38,8,56
8,38,8,60
8,38,8,63
8,38,8,64
8,38,8,71
8,39,8,3
8,39,8,7
8,39,8,11
8,39,8,14
8,39,8,18
8,39,8,25
8,39,8,29
8,39,8,38
8,39,8,39
8,39,8,41
8,39,8,44
8,39,8,45
8,39,8,49
8,39,8,52
8,39,8,55
8,39,8,56
8,39,8,59
8,39,8,62
8,39,8,63
8,39,8,65
8,39,8,67
8,39,8,70
8,39,8,71
8,40,8,3
8,40,8,7
8,40,8,11
8,40,8,13
8,40,8,14
8,40,8,18
8,40,8,25
8,40,8,29
8,40,8,38
8,40,8,40
8,40,8,41
8,40,8,43
8,40,8,44
8,40,8,45
8,40,8,49
8,40,8,52
8,40,8,54
8,40,8,55
8,40,8,56
8,40,8,59
8,40,8,62
8,40,8,63
8,40,8,66
8,40,8,67
8,40,8,69
8,40,8,70
8,40,8,71
8,41,8,36
8,41,8,37
8,41,8,39
8,41,8,40
8,41,8,41
8,41,8,42
8,41,8,45
8,41,8,48
8,41,8,51
8,41,8,53
8,41,8,56
8,41,8,60
8,41,8,63
8,41,8,64
8,41,8,67
8,41,8,71
8,42,8,3
8,42,8,7
8,42,8,11
8,42,8,13
8,42,8,18
8,42,8,20
8,42,8,23
8,42,8,25
8,42,8,29
8,42,8,31
8,42,8,32
8,42,8,34
8,42,8,35
8,42,8,38
8,42,8,41
8,42,8,42
8,42,8,43
8,42,8,45
8,42,8,49
8,42,8,52
8,42,8,54
8,42,8,56
8,42,8,59
8,42,8,63
8,42,8,67
8,42,8,68
8,42,8,69
8,42,8,71
8,43,8,36
8,43,8,37
8,43,8,40
8,43,8,42
8,43,8,43
8,43,8,45
8,43,8,56
8,43,8,63
8,43,8,69
8,43,8,71
8,44,8,37
8,44,8,39
8,44,8,40
8,44,8,44
8,44,8,45
8,44,8,47
8,44,8,48
8,44,8,50
8,44,8,51
8,44,8,53
8,44,8,56
8,44,8,63
8,44,8,70
8,44,8,71
8,45,8,25
8,45,8,36
8,45,8,37
8,45,8,38
8,45,8,39
8,45,8,40
8,45,8,41
8,45,8,42
8,45,8,43
8,45,8,44
8,45,8,45
8,45,8,48
8,45,8,49
8,45,8,51
8,45,8,52
8,45,8,53
8,45,8,54
8,45,8,55
8,45,8,59
8,45,8,60
8,45,8,61
8,45,8,62
8,45,8,64
8,45,8,66
8,45,8,68
8,45,8,71
8,46,8,0
8,46,8,7
8,46,8,8
8,46,8,11
8,46,8,15
8,46,8,18
8,46,8,20
8,46,8,22
8,46,8,23
8,46,8,26
8,46,8,29
8,46,8,31
8,46,8,32
8,46,8,33
8,46,8,34
8,46,8,35
8,46,8,46
8,46,8,64
8,47,8,14
8,47,8,44
8,47,8,47
8,47,8,55
8,47,8,65
8,47,8,70
8,48,8,3
8,48,8,7
8,48,8,11
8,48,8,14
8,48,8,18
8,48,8,25
8,48,8,29
8,48,8,38
8,48,8,41
8,48,8,44
8,48,8,45
8,48,8,48
8,48,8,49
8,48,8,52
8,48,8,55
8,48,8,56
8,48,8,59
8,48,8,63
8,48,8,65
8,48,8,67
8,48,8,70
8,48,8,71
8,49,8,25
8,49,8,36
8,49,8,37
8,49,8,39
8,49,8,40
8,49,8,42
8,49,8,45
8,49,8,48
8,49,8,49
8,49,8,51
8,49,8,53
8,49,8,56
8,49,8,60
8,49,8,64
8,49,8,71
8,50,8,14
8,50,8,44
8,50,8,50
8,50,8,55
8,50,8,65
8,50,8,66
8,50,8,70
8,51,8,3
8,51,8,7
8,51,8,11
8,51,8,14
8,51,8,18
8,51,8,25
8,51,8,29
8,51,8,38
8,51,8,41
8,51,8,44
8,51,8,45
8,51,8,49
8,51,8,51
8,51,8,52
8,51,8,55
8,51,8,56
8,51,8,59
8,51,8,63
8,51,8,66
8,51,8,67
8,51,8,70
8,51,8,71
8,52,8,36
8,52,8,37
8,52,8,39
8,52,8,40
8,52,8,42
8,52,8,45
8,52,8,48
8,52,8,51
8,52,8,52
8,52,8,53
8,52,8,56
8,52,8,60
8,52,8,64
8,52,8,67
8,52,8,71
8,53,8,3
8,53,8,7
8,53,8,11
8,53,8,14
8,53,8,18
8,53,8,20
8,53,8,23
8,53,8,25
8,53,8,29
8,53,8,31
8,53,8,32
8,53,8,34
8,53,8,35
8,53,8,38
8,53,8,41
8,53,8,44
8,53,8,45
8,53,8,49
8,53,8,52
8,53,8,53
8,53,8,55
8,53,8,56
8,53,8,59
8,53,8,63
8,53,8,67
8,53,8,68
8,53,8,70
8,53,8,71
8,54,8,36
8,54,8,37
8,54,8,40
8,54,8,42
8,54,8,45
8,54,8,54
8,54,8,56
8,54,8,67
8,54,8,69
8,54,8,71
8,55,8,37
8,55,8,39
8,55,8,40
8,55,8,45
8,55,8,47
8,55,8,48
8,55,8,50
8,55,8,51
8,55,8,53
8,55,8,55
8,55,8,56
8,55,8,67
8,55,8,70
8,55,8,71
8,56,8,25
8,56,8,36
8,56,8,37
8,56,8,38
8,56,8,39
8,56,8,40
8,56,8,41
8,56,8,42
8,56,8,43
8,56,8,44
8,56,8,48
8,56,8,49
8,56,8,51
8,56,8,52
8,56,8,53
8,56,8,54
8,56,8,55
8,56,8,56
8,56,8,59
8,56,8,60
8,56,8,61
8,56,8,62
8,56,8,64
8,56,8,66
8,56,8,68
8,56,8,71
8,57,8,18
8,57,8,20
8,57,8,21
8,57,8,23
8,57,8,24
8,57,8,31
8,57,8,32
8,57,8,34
8,57,8,57
8,57,8,68
8,58,8,29
8,58,8,31
8,58,8,34
8,58,8,35
8,58,8,58
8,58,8,68
8,59,8,36
8,59,8,37
8,59,8,39
8,59,8,40
8,59,8,42
8,59,8,45
8,59,8,48
8,59,8,51
8,59,8,53
8,59,8,56
8,59,8,59
8,59,8,60
8,59,8,64
8,59,8,71
8,60,8,3
8,60,8,7
8,60,8,11
8,60,8,18
8,60,8,20
8,60,8,23
8,60,8,25
8,60,8,29
8,60,8,31
8,60,8,32
8,60,8,34
8,60,8,35
8,60,8,38
8,60,8,41
8,60,8,45
8,60,8,49
8,60,8,52
8,60,8,56
8,60,8,59
8,60,8,60
8,60,8,63
8,60,8,67
8,60,8,68
8,60,8,71
8,61,8,36
8,61,8,37
8,61,8,45
8,61,8,56
8,61,8,61
8,61,8,69
8,61,8,71
8,62,8,37
8,62,8,39
8,62,8,40
8,62,8,45
8,62,8,56
8,62,8,62
8,62,8,69
8,62,8,70
8,62,8,71
8,63,8,25
8,63,8,36
8,63,8,37
8,63,8,38
8,63,8,39
8,63,8,40
8,63,8,41
8,63,8,42
8,63,8,43
8,63,8,44
8,63,8,48
8,63,8,51
8,63,8,53
8,63,8,60
8,63,8,63
8,63,8,64
8,63,8,71
8,64,8,3
8,64,8,7
8,64,8,11
8,64,8,18
8,64,8,20
8,64,8,23
8,64,8,25
8,64,8,29
8,64,8,31
8,64,8,32
8,64,8,34
8,64,8,35
8,64,8,38
8,64,8,41
8,64,8,45
8,64,8,46
8,64,8,49
8,64,8,52
8,64,8,56
8,64,8,59
8,64,8,63
8,64,8,64
8,64,8,67
8,64,8,71
8,65,8,39
8,65,8,47
8,65,8,48
8,65,8,50
8,65,8,65
8,65,8,70
8,66,8,40
8,66,8,45
8,66,8,50
8,66,8,51
8,66,8,56
8,66,8,66
8,66,8,70
8,66,8,71
8,67,8,36
8,67,8,37
8,67,8,39
8,67,8,40
8,67,8,41
8,67,8,42
8,67,8,48
8,67,8,51
8,67,8,52
8,67,8,53
8,67,8,54
8,67,8,55
8,67,8,60
8,67,8,64
8,67,8,67
8,67,8,71
8,68,8,7
8,68,8,11
8,68,8,18
8,68,8,20
8,68,8,23
8,68,8,29
8,68,8,31
8,68,8,32
8,68,8,34
8,68,8,35
8,68,8,42
8,68,8,45
8,68,8,53
8,68,8,56
8,68,8,57
8,68,8,58
8,68,8,60
8,68,8,68
8,68,8,71
8,69,8,36
8,69,8,37
8,69,8,40
8,69,8,42
8,69,8,43
8,69,8,54
8,69,8,61
8,69,8,62
8,69,8,69
8,69,8,71
8,70,8,37
8,70,8,39
8,70,8,40
8,70,8,44
8,70,8,47
8,70,8,48
8,70,8,50
8,70,8,51
8,70,8,53
8,70,8,55
8,70,8,62
8,70,8,65
8,70,8,66
8,70,8,70
8,70,8,71
8,71,8,25
8,71,8,36
8,71,8,37
8,71,8,38
8,71,8,39
8,71,8,40
8,71,8,41
8,71,8,42
8,71,8,43
8,71,8,44
8,71,8,45
8,71,8,48
8,71,8,49
8,71,8,51
8,71,8,52
8,71,8,53
8,71,8,54
8,71,8,55
8,71,8,56
8,71,8,59
8,71,8,60
8,71,8,61
8,71,8,62
8,71,8,63
8,71,8,64
8,71,8,66
8,71,8,67
8,71,8,68
8,71,8,69
8,71,8,70
8,71,8,71
