010000,11,00
010000,000,1
010000,00,1
000000,0111,1
000000,01111,1
100000,0111,00
010000,000,11
100000,0111,000
001000,000,1
011011,00,1
000000,0111,1011
010000,00100,1
010000,0111,1
011111,11,00
010000,1011,000
001000,010000,1
010111,00,1
010000,011,00
010000,100000,0111
001000,0111,1
010000,1011,00
010000,01111,1
011111,00,1
010000,011,000
100000,0111,0100
011011,000,1
010000,0111,000
010000,0111,00
010000,111,000
010000,111,00
001000,01000,1
010111,000,1
010000,0111,1000
001000,100000,0111
001000,000,11
011000,0111,1
001111,000,1
001000,011,000
010000,1111,000
011111,000,1
001000,01111,1
000100,0111,1
011000,010000,1
010000,1111,00
001000,111,000
010000,0111,1011
001000,010000,1011
010100,0111,1
001000,010000,11
001000,1011,000
011011,0000,1
010111,011,000
010111,011,00
001000,0111,1011
011011,0100,1
011111,000,11
001111,011,000
001000,010000,0111
001000,0111,000
011000,01000,1
010111,0000,1
101000,0111,0100
001000,010000,011
011000,0100,11
011111,111,00
000100,010000,1
011111,111,000
010111,0100,1
010000,100000,01111
001000,1111,000
001000,010000,1111
001111,0000,1
011000,0111,00
001000,010000,111
011000,010000,00
000100,001000,1
011000,1011,0100
000000,00111,011
011000,01111,1
011000,010000,11
101011,0111,00
011111,0000,1
110000,010000,01111
101000,010000,0111
011000,0111,0000
011000,0100,111
010111,1011,00
011111,0100,1
000100,01111,1
100000,01111,000
101111,0111,00
011000,0111,0100
011000,010000,000
011000,110000,010000
011000,0111,000
011111,0000,11
010100,01111,1
000000,00111,0111
010000,00100,011
000100,010000,11
011011,00000,1
011111,0100,11
011000,0111,1011
011011,000000,1
001000,100000,01111
011000,000000,0111
010000,00100,111
011000,010000,111
000100,001000,11
011011,01000,1
011111,1011,00
000000,10111,0111
101011,0111,000
011011,010000,1
010000,01011,000
011000,001000,010000
011011,00100,1
011011,001000,1
000000,01111,11
010111,0000,011
011000,001000,000
001000,010000,10000
000000,01111,1011
010000,11011,000
011000,1111,0100
010111,00000,1
011011,011000,1
010100,011000,11
010111,0100,011
010111,01000,1
011000,010000,1011
011000,101000,010000
001000,010000,01011
000100,0111,1011
011011,000100,1
100000,01000,0111
100000,01111,00
010111,1011,000
101011,010000,00
010000,00111,000
010111,00100,1
000100,010000,011
010100,0111,1000
011011,010100,1
010000,10000,00
001111,0000,011
100000,00100,0111
011000,010000,0111
001000,010000,11011
001111,00000,1
010000,00100,11
010100,0111,1011
001111,1011,000
010111,000000,1
000100,010000,111
011011,100000,00
001111,01000,1
100000,01111,0100
010000,00111,011
011000,010000,1111
010000,01011,00
010111,010000,1
101011,0111,0000
001111,0111,000
011011,010000,00
000100,001000,011
001111,00100,1
001000,010000,00111
010111,001000,1
010000,11011,00
101011,0111,0100
010000,10000,0111
010000,10111,000
101111,0111,000
001111,01111,1
010111,011000,1
010000,10111,00
000100,001000,111
011011,0100,1000
011011,011000,00
010000,00100,1011
011111,00000,1
010000,01111,000
011111,0000,111
010000,01111,00
010111,000100,1
010111,0100,1000
011111,01000,1
011011,101011,00
010000,01111,11
011111,0100,111
010000,00100,0111
010000,11111,000
011111,00100,1
011000,001000,0111
010111,010100,1
001000,010000,10111
010111,1011,0000
010000,11111,00
111011,010000,00
011111,1011,000
010100,011000,111
001000,01000,011
010000,00100,1111
010111,1011,0100
000100,011000,010000
001000,01000,11
001000,01000,111
000000,00111,01011
101011,010000,000
001000,010000,01111
001111,000000,1
001000,01111,11
001111,1011,0000
010000,00111,0111
001000,01011,000
100111,010000,00
001111,0111,0000
101011,001000,000
000100,011000,001000
001111,010000,1
000000,01111,11011
010000,10111,0111
001000,11011,000
001000,010000,11111
011000,01000,00
001111,001000,1
011000,101000,0111
001000,00111,000
010000,01111,1000
100111,011011,00
011000,01000,11
101111,0111,0000
000000,01111,00111
101000,010000,01111
011011,100000,000
001000,00111,011
001111,000100,1
101111,0111,0100
000100,100000,0111
010111,100000,00
010000,01111,1011
001000,10111,000
000000,01111,10111
011111,0100,1000
011011,010000,000
010111,010000,00
011111,1011,0000
001000,01111,000
000100,010000,1011
110000,01111,0100
011011,001000,000
010111,011000,00
011111,1011,0100
011000,01111,00
011111,000000,1
001000,11111,000
000100,010000,0111
001000,10000,0111
011011,011000,000
010111,101011,00
011000,000000,00111
011000,01111,11
100000,01111,01000
011111,010000,1
010111,011011,00
001000,01000,1011
011011,101011,000
000100,010000,1111
101011,001000,010000
011111,001000,1
010111,100111,00
011000,01000,111
100000,01111,00100
011111,011000,1
001000,01000,0111
000100,01111,11
111011,010000,000
000100,001000,1011
110111,010000,00
010100,01111,11
011111,000100,1
010000,00100,10000
001000,01000,1111
111011,001000,000
101011,01000,00
011111,010100,1
000100,001000,0111
011000,000000,01111
101011,01111,00
101111,010000,00
010000,01011,00100
001000,00111,0111
101011,011000,010000
011111,001111,1
011000,00111,000
011011,10000,00
000100,001000,1111
001000,10111,0111
010000,11011,00100
011011,01000,00
011000,01111,000
100111,010000,000
001000,01111,1011
101111,010111,00
111011,01000,00
000100,011000,0111
010000,00111,00100
100111,001000,000
000100,00111,011
101000,01000,0111
011000,010000,00100
011111,000000,11
100111,01000,00
101011,000100,010000
101011,01111,000
010000,00111,01011
101000,01111,0100
011111,100000,00
010111,10000,00
011011,00111,000
100100,011000,0111
010111,01000,00
011000,010000,11011
011111,010000,00
100111,011011,000
010111,00000,011
101011,000100,001000
010100,100000,0111
010000,10111,00100
010111,10111,00
010111,01000,011
011111,010000,11
011000,00000,0111
010111,000000,011
010100,101000,0111
011000,010000,00111
010111,00100,011
110111,01000,00
010000,01111,10000
011111,001000,11
010100,011000,1011
010111,00111,000
110111,01111,00
010111,100000,000
010111,00111,011
010100,011000,0111
011111,011000,00
011000,010000,10111
101111,01000,00
011000,01000,1011
010000,01111,00100
010111,10111,000
010111,010000,000
010100,011000,1111
011111,011000,11
101011,010100,011000
110111,01111,000
011000,01000,0111
101111,01111,00
010111,010000,011
011000,010000,01111
010000,01111,11011
001111,00000,011
010100,100100,0111
011111,000100,11
011000,01000,1111
011111,00000,11
001111,01000,011
010111,001000,000
101011,000000,0111
011111,10000,00
011011,010000,100000
011111,010100,11
011000,010000,11111
001111,00100,011
010000,01111,00111
011000,00100,0111
010111,001000,011
101011,010000,0111
001111,01011,000
011111,01000,00
011111,101011,00
001111,10111,000
101011,001000,0111
010000,01111,10111
011000,110000,01000
011111,01000,11
011011,001000,100000
010111,011000,000
001111,01111,000
011111,111011,00
011111,00100,11
101111,01111,000
010000,11111,00100
010111,000100,011
011111,110111,00
101011,011000,0100
011000,110000,01111
011111,11011,00
011000,11011,0100
011011,001000,010000
011111,00000,111
011111,101111,00
010111,010100,011
101011,011000,0111
011111,10111,00
011111,01000,111
110000,01111,01000
011000,00111,0000
011000,001000,01000
010111,101011,000
101011,000100,0111
111111,010000,00
111111,01000,00
011011,101000,010000
011111,00100,111
011000,00111,0111
001000,01000,10000
101011,010100,0111
011111,11011,000
010111,011011,000
011111,00111,000
011011,011000,000000
011011,100000,0100
011000,001000,00111
001000,01011,01000
010111,100111,000
011111,10111,000
011000,10111,0100
011011,011000,010000
011011,010000,1000
001000,11011,01000
110111,010000,000
011000,10111,0111
011000,001000,01111
011011,101000,0100
110111,001000,000
011011,011000,001000
001000,00111,01000
011000,01111,0000
011011,011000,0000
011011,011000,101000
011000,01111,0100
011011,011000,0100
011000,101000,01000
001000,00111,01011
011000,01111,1011
011011,010100,1000
011000,101000,01111
011011,000100,100000
001111,000000,011
001000,10111,01000
011011,101011,0000
011011,000100,010000
000100,100000,01111
011000,11111,0100
011011,101011,0100
001111,100000,000
000100,010000,01011
001000,01111,10000
000100,00111,0111
011011,000100,001000
001111,010000,000
000100,010000,11011
000100,10111,0111
011011,000100,011000
111011,011000,0100
001000,01111,01000
000100,01111,1011
001111,010000,011
000100,010000,00111
011011,100100,011000
010100,10000,0111
000100,010000,10111
001111,001000,000
001000,01111,11011
010100,10111,0111
100111,011000,0100
011011,010100,100000
000100,010000,01111
010100,01111,1000
100111,011011,0000
001111,001000,011
001000,01111,00111
010100,01111,1011
011011,010100,101000
000100,010000,11111
100111,011011,0100
001111,011000,000
101011,00000,0111
001000,01111,10111
000100,001000,01011
011011,010100,011000
010111,000000,1011
101011,01000,0111
001111,000100,011
000100,001000,11011
011011,010100,100100
101011,00100,0111
010111,100000,0100
001000,11111,01000
101011,01111,0000
001111,101011,000
000100,001000,00111
011011,101011,000000
010111,010000,1000
101011,01111,0100
101000,01111,01000
000100,001000,10111
001111,011011,000
010111,010000,1011
011011,10000,0100
011011,101011,010000
000100,001000,01111
011011,01000,1000
011000,00100,01000
001111,100111,000
010111,001000,1011
011011,101011,001000
011011,00111,0000
000100,001000,11111
010111,101000,0100
001111,010111,000
010111,00000,1011
011011,101011,011000
010111,011000,0000
010111,10000,0100
011011,101011,000100
000100,011000,00111
010111,01000,1000
010111,011000,0100
011000,11011,01000
010111,01000,1011
011011,101011,010100
010111,011000,1011
101111,010000,000
010111,00100,1011
000100,011000,01111
010111,000100,1011
010111,00111,0000
101111,001000,000
111011,001000,010000
010111,010100,1000
011000,00111,00000
010111,10111,0000
010111,10111,0100
010111,010100,1011
100100,011000,01111
011000,00111,01000
110111,01111,0000
101111,010111,000
111011,011000,010000
010111,101011,0000
010100,100000,01111
110111,01111,0100
010111,101011,0100
011000,00111,00100
101111,001111,000
010100,110000,01111
001111,00000,1011
010111,011011,0000
111011,000100,010000
010100,101000,01111
001111,00000,0111
011111,000000,111
010111,011011,1000
111011,000100,001000
010100,011000,11011
001111,10000,0111
010111,011011,0100
011000,10111,01000
011111,100000,000
010100,011000,10111
001111,01000,1011
010111,100111,0000
011111,010000,000
001111,01000,0111
010100,011000,01111
111011,010100,011000
010111,100111,0100
001111,00100,1011
011000,01111,00000
011111,010000,111
010100,011000,11111
001111,00100,0111
100111,001000,010000
010100,100100,01111
011111,001000,000
001111,01011,0000
011000,01111,01000
110111,011000,0100
001111,10111,0000
101011,000000,01111
011111,001000,111
001111,000000,1011
011000,01111,00100
001111,10111,0111
100111,011000,010000
101011,010000,00100
001111,01111,0000
011111,011000,000
001111,000000,0111
011000,01111,11011
101011,010000,01111
001111,01111,1011
011111,011000,111
001111,100000,0111
011000,01111,00111
101011,001000,01000
100111,000100,010000
101111,00000,0111
011111,000100,111
001111,010000,1011
101111,01000,0111
101011,001000,01111
100111,000100,001000
011000,01111,10111
101111,00100,0111
011111,010100,111
001111,010000,0111
101111,01111,0000
011111,101011,000
101011,011000,01000
001111,001000,1011
101111,01111,0100
100111,010100,011000
011111,111011,000
011111,00000,1011
001111,001000,0111
011000,11111,01000
100111,011011,000000
011111,10000,0100
101011,011000,01111
001111,011000,0000
011111,110111,000
011111,01000,1000
101011,000100,01111
100111,011011,010000
011111,01000,1011
011111,001111,000
101011,010100,01111
100111,011011,001000
000100,00111,01011
011111,00100,1011
011011,000000,00111
011111,101111,000
001111,000100,1011
100111,011011,011000
011111,11011,0000
000100,01111,11011
011111,11011,0100
011011,100000,01000
001111,000100,0111
100111,011011,000100
111111,010000,000
011111,00111,0000
000100,01111,00111
011011,100000,00100
001111,101011,0000
100111,011011,010100
011111,10111,0000
111111,001000,000
011011,010000,10000
011111,10111,0100
000100,01111,10111
010111,010000,100000
011011,010000,00100
001111,011011,0000
010100,01111,10000
010111,001000,100000
011011,010000,00111
010100,01111,11011
001111,100111,0000
010111,001000,010000
011011,001000,10000
010100,01111,10111
001111,010111,0000
010111,101000,010000
101011,00100,01000
011011,001000,01000
101011,01111,00000
011011,001000,00111
010111,011000,000000
101011,01111,01000
101111,000000,0111
011011,101000,01000
010111,011000,010000
101011,01111,00100
101111,010000,0111
011011,011000,00000
010111,011000,001000
011011,01000,10000
101111,001000,0111
011011,011000,01000
011011,00100,10000
010111,011000,101000
011011,011000,00100
011011,00100,01000
010111,000100,100000
101111,011000,0100
011011,00111,00000
011011,011000,00111
010111,000100,010000
101111,011000,0111
011011,00111,01000
011011,000100,00111
011011,00111,00100
010111,000100,001000
101111,000100,0111
011011,010100,10000
111011,00100,01000
010111,000100,011000
101111,010100,0111
011011,101011,00000
100111,00100,01000
101111,010111,0000
011011,101011,01000
010111,100100,011000
010111,01000,10000
011011,101011,00100
101111,010111,0100
010111,010100,100000
010111,00100,10000
111011,010000,00100
010111,00100,01000
010111,010100,101000
101111,001111,0000
010111,00111,00000
111011,001000,01000
010111,010100,011000
101111,001111,0111
010111,00111,01000
010111,010100,100100
011111,000000,1011
010111,00111,00100
111011,011000,01000
010111,10111,00000
010111,101011,000000
011111,100000,0100
010111,10111,01000
011111,010000,1000
010111,101011,010000
010111,10111,00100
100111,010000,00100
011111,010000,1011
010111,101011,001000
110111,00100,01000
100111,001000,01000
011111,110000,0100
010111,101011,011000
110111,01111,00000
011111,001000,1011
110111,01111,01000
010111,101011,000100
100111,011000,01000
011111,101000,0100
110111,01111,00100
010111,101011,010100
011111,011000,0000
001111,01000,10000
010111,011011,000000
100111,011011,00000
011111,011000,0100
001111,00100,10000
100111,011011,01000
010111,011011,100000
011111,011000,1011
001111,00100,01000
100111,011011,00100
010111,011011,010000
011111,000100,1011
001111,01011,00000
010111,000000,00111
010111,011011,001000
011111,010100,1000
001111,01011,01000
011111,010100,1011
010111,000000,10111
010111,011011,101000
001111,01011,00100
011111,101011,0000
001111,10111,00000
010111,100000,01000
010111,011011,011000
011111,101011,0100
001111,10111,01000
010111,100000,00100
010111,011011,000100
001111,10111,00100
011111,111011,0000
010111,010000,10000
010111,011011,100100
001111,01111,00000
011111,111011,0100
010111,010000,00100
010111,011011,010100
001111,01111,10000
011111,110111,0000
010111,010000,00111
001111,01111,01000
011111,110111,0100
010111,010000,10111
001111,01111,00100
010111,100111,000000
011111,001111,0000
010111,001000,10000
001111,01111,10111
010111,100111,010000
011111,001111,1011
010111,001000,01000
101111,00100,01000
010111,100111,001000
010111,001000,00111
011111,101111,0000
101111,01111,00000
010111,100111,011000
010111,001000,10111
011111,101111,0100
101111,01111,01000
010111,101000,01000
010111,100111,000100
101111,01111,00100
010111,011000,00000
010111,100111,010100
011111,01000,10000
111111,011000,0100
011111,00100,10000
010111,011000,01000
010111,011000,00100
011111,00100,01000
110111,001000,010000
010111,011000,00111
011111,11011,00000
010111,011000,10111
011111,11011,01000
011111,11011,00100
010111,000100,00111
110111,011000,010000
011111,00111,00000
010111,000100,10111
011111,00111,01000
010111,010100,10000
110111,000100,010000
011111,00111,00100
010111,010100,10111
110111,000100,001000
011111,10111,00000
010111,101011,00000
011111,10111,01000
010111,101011,01000
110111,010100,011000
011111,10111,00100
010111,101011,00100
111111,00100,01000
001111,010000,100000
010111,011011,00000
001111,001000,100000
010111,011011,10000
010111,011011,01000
001111,001000,010000
010111,011011,00100
001111,011000,000000
010111,011011,00111
001111,011000,010000
010111,100111,00000
001111,011000,001000
010111,100111,01000
010111,100111,00100
001111,000100,100000
110111,000000,01111
001111,000100,010000
110111,010000,00100
001111,000100,001000
110111,010000,01111
001111,000100,011000
110111,001000,01000
001111,101011,000000
110111,001000,01111
001111,101011,010000
110111,011000,01000
001111,101011,001000
110111,011000,01111
001111,101011,000100
110111,000100,01111
001111,011011,000000
110111,010100,01111
001111,000000,01011
001111,011011,100000
001111,000000,10111
001111,011011,010000
001111,000000,01111
001111,011011,001000
001111,100000,01000
001111,100000,00100
001111,011011,000100
001111,100000,01111
001111,010000,10000
001111,100111,000000
001111,010000,00100
001111,100111,010000
001111,010000,01011
001111,100111,001000
001111,010000,10111
001111,010000,01111
001111,100111,000100
001111,001000,10000
001111,001000,01000
001111,010111,000000
001111,001000,01011
001111,010111,100000
001111,001000,10111
001111,001000,01111
001111,010111,010000
001111,011000,00000
001111,010111,001000
001111,011000,01000
001111,011000,00100
001111,010111,000100
001111,011000,01111
001111,000100,01011
001111,000100,10111
101111,001000,010000
001111,000100,01111
001111,101011,00000
001111,101011,01000
101111,011000,010000
001111,101011,00100
001111,101011,01111
101111,000100,010000
001111,011011,00000
101111,000100,001000
001111,011011,10000
001111,011011,01000
101111,010100,011000
001111,011011,00100
001111,100111,00000
101111,010111,000000
001111,100111,01000
101111,010111,010000
001111,100111,00100
101111,010111,001000
001111,010111,00000
101111,010111,011000
001111,010111,10000
101111,010111,000100
001111,010111,01000
101111,010111,010100
001111,010111,00100
001111,010111,10111
101111,001111,000000
101111,001111,010000
101111,000000,01111
101111,010000,00100
101111,001111,001000
101111,010000,01111
101111,001000,01000
101111,001111,000100
101111,001000,01111
101111,001111,010111
011111,010000,100000
101111,011000,01000
011111,110000,010000
011111,001000,100000
101111,011000,01111
011111,001000,010000
101111,000100,01111
011111,101000,010000
101111,010100,01111
011111,011000,000000
101111,010111,00000
101111,010111,01000
011111,011000,010000
101111,010111,00100
011111,011000,110000
101111,001111,00000
011111,011000,001000
101111,001111,01000
011111,011000,101000
101111,001111,00100
011111,000100,100000
101111,001111,01111
011111,000100,010000
011111,000000,11011
011111,000100,001000
011111,000000,00111
011111,000100,011000
011111,000000,10111
011111,100100,011000
011111,100000,01000
011111,010100,100000
011111,100000,00100
011111,010000,10000
011111,010100,110000
011111,010000,00100
011111,010100,101000
011111,010000,11011
011111,010100,011000
011111,010000,00111
011111,010100,100100
011111,010000,10111
011111,101011,000000
011111,110000,01000
011111,101011,010000
011111,001000,10000
011111,101011,001000
011111,001000,01000
011111,101011,011000
011111,001000,11011
011111,101011,000100
011111,001000,00111
011111,101011,010100
011111,001000,10111
011111,101000,01000
011111,111011,000000
011111,011000,00000
011111,111011,010000
011111,011000,01000
011111,111011,001000
011111,011000,00100
011111,111011,011000
011111,011000,11011
011111,111011,000100
011111,011000,00111
011111,111011,010100
011111,011000,10111
011111,000100,11011
011111,110111,000000
011111,000100,00111
011111,110111,010000
011111,000100,10111
011111,110111,001000
011111,010100,10000
011111,110111,011000
011111,010100,11011
011111,110111,000100
011111,010100,10111
011111,110111,010100
011111,101011,00000
011111,001111,000000
011111,101011,01000
011111,101011,00100
011111,001111,100000
011111,111011,00000
011111,001111,010000
011111,111011,01000
011111,001111,001000
011111,001111,011000
011111,111011,00100
011111,110111,00000
011111,001111,000100
011111,110111,01000
011111,001111,101011
011111,110111,00100
011111,101111,000000
011111,001111,00000
011111,001111,10000
011111,101111,010000
011111,001111,01000
011111,101111,001000
011111,001111,00100
011111,101111,011000
011111,001111,10111
011111,101111,000100
011111,101111,00000
011111,101111,010100
011111,101111,01000
011111,101111,001111
011111,101111,00100
111111,001000,010000
111111,010000,00100
111111,001000,01000
111111,011000,010000
111111,011000,01000
111111,000100,010000
111111,000100,001000
111111,010100,011000
