01000,00,1
01000,00,11
01111,00,1
01000,11,00
00000,0111,1
10000,0111,00
01111,00,11
01000,1011,00
01000,0111,1
01111,11,00
01000,0111,00
00000,01111,1
01000,1111,00
00000,01111,11
00100,0111,1
01111,000,1
01000,011,00
01000,111,00
00000,1011,0111
10000,01111,00
01000,00100,1
00000,0111,1011
00000,00111,011
01000,00100,11
01111,0000,1
01000,01011,00
01000,01111,1
01111,0100,1
01000,11011,00
01000,10111,00
01111,000,11
01000,01111,00
01000,01111,11
01000,11111,00
00100,01000,1
10000,0100,0111
10111,0111,00
00111,000,011
10000,0111,0100
01111,0000,11
00111,011,000
01111,0100,11
01111,1011,00
00100,01111,1
00000,00111,0111
00100,01000,11
01000,1000,0111
00000,10111,0111
00000,01111,1011
01000,1011,0111
01000,0111,1000
01000,0111,1011
00100,01111,11
01011,01000,00
10000,01000,0111
01000,00100,011
10000,00100,0111
01000,00100,111
00111,0000,011
11011,01000,00
10000,01111,0100
11011,01111,00
00111,0111,000
01000,00111,011
00100,1011,0111
00100,0111,1011
01000,10000,0111
10111,0111,000
01111,00000,1
01111,01000,1
10111,01000,00
00000,01011,00111
01111,00100,1
10111,01111,00
01111,1011,000
01111,00000,11
01111,10000,00
01111,01000,00
01111,01000,11
01000,00100,1011
01000,00100,0111
01111,00100,11
01000,00100,1111
01111,11011,00
00000,11011,01111
01111,10111,00
11111,01000,00
00000,00111,01011
00100,01000,011
00100,01000,111
01000,00111,0111
00000,00111,01111
01000,10111,0111
01000,01111,1000
01000,01111,1011
00000,10111,01111
00100,00111,011
00111,0000,0111
00000,01111,11011
00000,01111,00111
00111,0111,0000
00000,01111,10111
10111,0000,0111
10111,0100,0111
10111,0111,0000
10111,0111,0100
00100,10000,0111
01111,0000,1011
01111,1000,0100
00100,01000,1011
00100,01000,0111
00100,01000,1111
01111,0100,1000
01011,00111,000
01111,0100,1011
10000,01000,01111
01111,1011,0000
01111,1011,0100
10000,00100,01111
11011,01111,000
00111,00000,011
00100,00111,0111
10000,01111,01000
00111,01000,011
10000,01111,00100
00100,10111,0111
00100,01111,1011
00111,00100,011
00111,01011,000
00111,01111,000
01000,10000,01111
10111,01111,000
01111,11011,000
01111,00111,000
01000,00100,01011
01000,00100,11011
01000,00100,00111
01111,10111,000
01000,00100,10111
01000,00100,01111
01000,00100,11111
01011,00111,0000
01000,01011,00100
01000,01011,00111
01000,11011,00100
01000,11011,01111
01000,00111,00100
01000,00111,01011
11011,01111,0000
11011,01111,0100
01000,00111,01111
00111,00000,0111
01000,10111,00100
01000,10111,01111
01000,01111,10000
01000,01111,00100
00111,01000,0111
01000,01111,11011
01000,01111,00111
01000,01111,10111
00111,00100,0111
01000,11111,00100
00111,01011,0000
00111,01111,0000
10111,00000,0111
10111,01000,0111
10111,00100,0111
10111,01111,0000
10111,01111,0100
01111,00000,1011
01111,10000,0100
01111,01000,1000
01111,01000,1011
00100,10000,01111
01111,00100,1011
00100,01000,01011
00100,01000,11011
00100,01000,00111
00100,01000,10111
00100,01000,01111
00100,01000,11111
01111,11011,0000
01111,11011,0100
01111,00111,0000
01111,10111,0000
01111,10111,0100
00100,01011,01000
00100,01011,00111
00100,11011,01000
00100,11011,01111
00100,00111,01000
00100,00111,01011
00100,00111,01111
00100,10111,01000
00100,10111,01111
00100,01111,10000
00100,01111,01000
00100,01111,11011
00100,01111,00111
00100,01111,10111
00100,11111,01000
01011,00000,00111
01011,01000,00100
01011,01000,00111
01011,00100,01000
01011,00100,00111
01011,00111,00000
01011,00111,01000
01011,00111,00100
11011,00000,01111
11011,01000,00100
11011,01000,01111
11011,00100,01000
11011,00100,01111
11011,01111,00000
11011,01111,01000
11011,01111,00100
00111,00000,01011
00111,00000,01111
00111,01000,00100
00111,01000,01011
00111,01000,01111
00111,00100,01000
00111,00100,01011
00111,00100,01111
00111,01011,00000
00111,01011,01000
00111,01011,00100
00111,01111,00000
00111,01111,01000
00111,01111,00100
10111,00000,01111
10111,01000,00100
10111,01000,01111
10111,00100,01000
10111,00100,01111
10111,01111,00000
10111,01111,01000
10111,01111,00100
01111,00000,11011
01111,00000,00111
01111,00000,10111
01111,10000,01000
01111,10000,00100
01111,01000,10000
01111,01000,00100
01111,01000,11011
01111,01000,00111
01111,01000,10111
01111,00100,10000
01111,00100,01000
01111,00100,11011
01111,00100,00111
01111,00100,10111
01111,11011,00000
01111,11011,01000
01111,11011,00100
01111,00111,00000
01111,00111,01000
01111,00111,00100
01111,10111,00000
01111,10111,01000
01111,10111,00100
11111,01000,00100
11111,00100,01000
