100000,11,0
101000,11,0
100100,11,0
101111,11,0
100000,00,11
100000,11,00
101111,00,11
101111,11,00
100000,111,0
110000,111,0
101000,111,0
100100,111,0
110111,111,0
101111,111,0
100000,000,11
100000,111,00
101000,100,11
110111,111,00
101111,000,11
101111,100,11
101111,111,00
100000,000,111
100000,111,000
110000,100,111
110000,111,100
101000,100,111
101000,111,100
110111,000,111
110111,100,111
110111,111,000
110111,111,100
101111,000,111
101111,100,111
101111,111,000
101111,111,100
100000,1011,0
100000,1111,0
110000,1111,0
101000,1011,0
101000,1111,0
100100,1011,0
100100,1111,0
101011,1000,0
111011,1000,0
100111,1000,0
110111,1000,0
101111,1000,0
111111,1000,0
100000,0100,11
100000,1011,00
100000,0111,00
100000,1111,00
101000,0100,11
101011,0111,00
100111,1000,11
100111,1011,00
101111,0000,11
101111,1000,11
101111,0100,11
101111,0111,00
100000,0100,111
100000,1011,000
100000,0111,000
100000,1111,000
110000,1000,111
110000,0100,111
110000,1111,100
101000,0100,111
101000,1011,100
101000,1111,100
101011,0111,000
100111,1000,111
100111,1011,000
110111,0000,111
110111,1000,111
110111,0100,111
101111,0000,111
101111,1000,111
101111,0100,111
101111,0111,000
100000,0100,1011
100000,0100,0111
100000,0100,1111
100000,1011,0100
100000,1011,0111
100000,0111,0100
100000,0111,1011
100000,1111,0100
110000,1000,1111
110000,0100,1111
110000,1111,1000
110000,1111,0100
101000,0100,1011
101000,0100,0111
101000,0100,1111
101000,1011,0100
101000,1011,0111
101000,0111,0100
101000,0111,1011
101000,1111,0100
100100,1011,0111
100100,0111,1011
101011,0000,0111
101011,1000,0100
101011,1000,0111
101011,0100,1000
101011,0100,0111
101011,0111,0000
101011,0111,1000
101011,0111,0100
111011,1000,0100
111011,0100,1000
100111,0000,1011
100111,1000,0100
100111,1000,1011
100111,1000,1111
100111,0100,1000
100111,0100,1011
100111,1011,0000
100111,1011,1000
100111,1011,0100
100111,1111,1000
110111,1000,0100
110111,0100,1000
101111,0000,0111
101111,1000,0100
101111,1000,0111
101111,0100,1000
101111,0100,0111
101111,0111,0000
101111,0111,1000
101111,0111,0100
111111,1000,0100
111111,0100,1000
100000,11011,0
100000,10111,0
100000,11111,0
110000,10000,0
110000,11011,0
110000,10111,0
110000,11111,0
101000,11011,0
101000,10111,0
101000,11111,0
100100,11011,0
100100,10111,0
100100,11111,0
101011,10000,0
111011,10000,0
100111,10000,0
100111,10111,0
110111,10000,0
110111,10111,0
101111,10000,0
101111,11011,0
111111,10000,0
100000,01000,11
100000,00100,11
100000,11011,00
100000,10111,00
100000,10111,11
100000,01111,00
100000,01111,11
100000,11111,00
101000,01000,11
101000,10111,11
101000,01111,11
100100,10111,11
100100,01111,11
101011,10000,00
101011,01000,00
101011,01111,00
111011,10000,00
111011,01000,00
100111,10000,00
100111,10000,11
100111,01000,00
100111,10111,00
100111,10111,11
110111,10000,00
110111,01000,00
110111,10111,00
110111,01111,00
101111,00000,11
101111,10000,00
101111,10000,11
101111,01000,00
101111,01000,11
101111,00100,11
101111,10100,11
101111,11011,00
101111,01111,00
101111,01111,11
111111,10000,00
111111,01000,00
100000,01000,111
100000,11000,111
100000,00100,111
100000,11011,000
100000,10111,000
100000,01111,000
100000,11111,000
110000,10000,111
110000,01000,111
110000,10100,111
110000,11011,100
110000,10111,100
110000,11111,100
101000,01000,111
101000,11000,100
101000,11000,111
101000,11011,100
101000,10111,100
101000,11111,100
100100,11000,111
101011,01111,000
111011,11000,100
100111,10000,111
100111,11000,111
100111,10111,000
110111,00000,111
110111,10000,111
110111,01000,111
110111,11000,100
110111,11000,111
110111,00100,111
110111,10100,111
110111,10111,000
110111,10111,100
110111,01111,000
101111,00000,111
101111,10000,111
101111,01000,111
101111,11000,100
101111,11000,111
101111,00100,111
101111,10100,111
101111,11011,000
101111,11011,100
101111,01111,000
111111,11000,100
100000,01000,1011
100000,01000,0111
100000,01000,1111
100000,11000,1111
100000,00100,1011
100000,00100,0111
100000,00100,1111
100000,11011,0100
100000,10111,0100
100000,10111,0111
100000,01111,0100
100000,01111,1011
100000,11111,0100
110000,10000,0100
110000,10000,1111
110000,01000,1000
110000,01000,1111
110000,10100,1111
110000,11011,1000
110000,11011,0100
110000,10111,1000
110000,10111,0100
110000,01111,1000
110000,01111,0100
110000,11111,1000
110000,11111,0100
101000,01000,1011
101000,01000,0111
101000,01000,1111
101000,11000,1111
101000,11011,0100
101000,10111,0100
101000,10111,0111
101000,01111,0100
101000,01111,1011
101000,11111,0100
100100,11000,1111
100100,10111,0111
100100,01111,1011
101011,00000,0111
101011,10000,0100
101011,10000,0111
101011,01000,1000
101011,01000,0111
101011,00100,0111
101011,01111,0000
101011,01111,1000
101011,01111,0100
111011,10000,0100
111011,01000,1000
111011,11000,1000
100111,00000,1011
100111,10000,0100
100111,10000,1011
100111,10000,1111
100111,01000,1000
100111,01000,1011
100111,11000,1000
100111,11000,1111
100111,00100,1011
100111,11011,1000
100111,10111,0000
100111,10111,1000
100111,10111,0100
100111,11111,1000
110111,10000,0100
110111,01000,1000
110111,11000,1000
110111,10111,0000
110111,10111,1000
110111,10111,0100
110111,01111,0000
110111,01111,1000
110111,01111,0100
101111,00000,0111
101111,10000,0100
101111,10000,0111
101111,01000,1000
101111,01000,0111
101111,11000,1000
101111,00100,0111
101111,11011,0000
101111,11011,1000
101111,11011,0100
101111,01111,0000
101111,01111,1000
101111,01111,0100
111111,10000,0100
111111,01000,1000
111111,11000,1000
100000,01000,11011
100000,01000,10111
100000,01000,01111
100000,01000,11111
100000,11000,11011
100000,11000,10111
100000,11000,11111
100000,00100,11011
100000,00100,10111
100000,00100,01111
100000,00100,11111
100000,11011,01000
100000,11011,11000
100000,11011,00100
100000,11011,10111
100000,11011,01111
100000,10111,01000
100000,10111,11000
100000,10111,00100
100000,10111,11011
100000,10111,01111
100000,01111,01000
100000,01111,00100
100000,01111,11011
100000,01111,10111
100000,11111,01000
100000,11111,11000
100000,11111,00100
110000,10000,01000
110000,10000,11011
110000,10000,10111
110000,10000,01111
110000,10000,11111
110000,01000,10000
110000,01000,11011
110000,01000,10111
110000,01000,01111
110000,01000,11111
110000,10100,11011
110000,10100,10111
110000,10100,11111
110000,11011,10000
110000,11011,01000
110000,11011,10100
110000,11011,10111
110000,11011,01111
110000,10111,10000
110000,10111,01000
110000,10111,10100
110000,10111,11011
110000,10111,01111
110000,01111,10000
110000,01111,01000
110000,01111,11011
110000,01111,10111
110000,11111,10000
110000,11111,01000
110000,11111,10100
101000,01000,11011
101000,01000,10111
101000,01000,01111
101000,01000,11111
101000,11000,11011
101000,11000,10111
101000,11000,11111
101000,11011,01000
101000,11011,11000
101000,11011,10111
101000,11011,01111
101000,10111,01000
101000,10111,11000
101000,10111,11011
101000,10111,01111
101000,01111,01000
101000,01111,11011
101000,01111,10111
101000,11111,01000
101000,11111,11000
100100,11000,11011
100100,11000,10111
100100,11000,11111
100100,11011,11000
100100,11011,10111
100100,11011,01111
100100,10111,11000
100100,10111,11011
100100,10111,01111
100100,01111,11011
100100,01111,10111
100100,11111,11000
101011,00000,01111
101011,10000,01000
101011,10000,00100
101011,10000,01111
101011,01000,10000
101011,01000,00100
101011,01000,01111
101011,00100,10000
101011,00100,01000
101011,00100,01111
101011,01111,00000
101011,01111,10000
101011,01111,01000
101011,01111,00100
111011,10000,01000
111011,10000,11000
111011,10000,00100
111011,01000,10000
111011,01000,00100
111011,11000,10000
111011,11000,10100
111011,00100,10000
111011,00100,01000
111011,10100,11000
100111,00000,10111
100111,10000,01000
100111,10000,11000
100111,10000,00100
100111,10000,11011
100111,10000,10111
100111,10000,11111
100111,01000,10000
100111,01000,00100
100111,01000,10111
100111,11000,10000
100111,11000,11011
100111,11000,10111
100111,11000,11111
100111,00100,10000
100111,00100,01000
100111,00100,10111
100111,11011,10000
100111,11011,11000
100111,11011,10111
100111,10111,00000
100111,10111,10000
100111,10111,01000
100111,10111,11000
100111,10111,00100
100111,10111,11011
100111,11111,10000
100111,11111,11000
110111,00000,10111
110111,00000,01111
110111,10000,01000
110111,10000,11000
110111,10000,00100
110111,10000,10111
110111,10000,01111
110111,01000,10000
110111,01000,00100
110111,01000,10111
110111,01000,01111
110111,11000,10000
110111,11000,10100
110111,11000,10111
110111,00100,10000
110111,00100,01000
110111,00100,10111
110111,00100,01111
110111,10100,11000
110111,10100,10111
110111,10111,00000
110111,10111,10000
110111,10111,01000
110111,10111,11000
110111,10111,00100
110111,10111,10100
110111,10111,01111
110111,01111,00000
110111,01111,10000
110111,01111,01000
110111,01111,00100
110111,01111,10111
101111,00000,11011
101111,00000,01111
101111,10000,01000
101111,10000,11000
101111,10000,00100
101111,10000,11011
101111,10000,01111
101111,01000,10000
101111,01000,00100
101111,01000,11011
101111,01000,01111
101111,11000,10000
101111,11000,10100
101111,11000,11011
101111,00100,10000
101111,00100,01000
101111,00100,11011
101111,00100,01111
101111,10100,11000
101111,10100,11011
101111,11011,00000
101111,11011,10000
101111,11011,01000
101111,11011,11000
101111,11011,00100
101111,11011,10100
101111,11011,01111
101111,01111,00000
101111,01111,10000
101111,01111,01000
101111,01111,00100
101111,01111,11011
111111,10000,01000
111111,10000,11000
111111,10000,00100
111111,01000,10000
111111,01000,00100
111111,11000,10000
111111,11000,10100
111111,00100,10000
111111,00100,01000
111111,10100,11000
100000,110000,0
100000,101011,0
100000,111011,0
100000,100111,0
100000,110111,0
100000,101111,0
100000,111111,0
110000,100000,0
110000,111011,0
110000,110111,0
110000,101111,0
110000,111111,0
101000,101011,0
101000,111011,0
101000,100111,0
101000,110111,0
101000,101111,0
101000,111111,0
100100,101011,0
100100,111011,0
100100,100111,0
100100,110111,0
100100,101111,0
100100,111111,0
101011,100000,0
101011,101000,0
101011,100100,0
111011,100000,0
111011,110000,0
111011,101000,0
111011,100100,0
111011,110111,0
111011,101111,0
100111,100000,0
100111,101000,0
100111,100100,0
100111,101111,0
110111,100000,0
110111,110000,0
110111,101000,0
110111,100100,0
110111,111011,0
110111,101111,0
101111,100000,0
101111,110000,0
101111,101000,0
101111,100100,0
101111,111011,0
101111,100111,0
101111,110111,0
111111,100000,0
111111,110000,0
111111,101000,0
111111,100100,0
100000,010000,11
100000,001000,11
100000,000100,11
100000,010100,11
100000,101011,00
100000,011011,00
100000,111011,00
100000,100111,00
100000,100111,11
100000,010111,00
100000,110111,00
100000,101111,00
100000,101111,11
100000,011111,00
100000,011111,11
100000,111111,00
101000,010000,11
101000,011000,11
101000,100100,11
101000,010100,11
101000,100111,11
101000,101111,11
101000,011111,11
100100,101000,11
100100,011000,11
100100,010100,11
100100,100111,11
100100,101111,11
100100,011111,11
101011,100000,00
101011,010000,00
101011,011011,00
101011,100111,00
101011,010111,00
101011,011111,00
111011,100000,00
111011,010000,00
111011,110111,00
111011,101111,00
111011,011111,00
100111,100000,00
100111,100000,11
100111,010000,00
100111,101000,11
100111,100100,11
100111,101011,00
100111,011011,00
100111,010111,00
100111,101111,00
100111,101111,11
110111,100000,00
110111,010000,00
110111,111011,00
110111,101111,00
110111,011111,00
101111,000000,11
101111,100000,00
101111,100000,11
101111,010000,00
101111,010000,11
101111,001000,11
101111,101000,11
101111,011000,11
101111,000100,11
101111,100100,11
101111,010100,11
101111,111011,00
101111,100111,00
101111,100111,11
101111,010111,00
101111,110111,00
101111,011111,00
111111,100000,00
111111,010000,00
100000,010000,111
100000,110000,111
100000,001000,111
100000,000100,111
100000,010100,111
100000,101011,000
100000,011011,000
100000,111011,000
100000,100111,000
100000,100111,111
100000,010111,000
100000,110111,000
100000,110111,111
100000,001111,000
100000,101111,000
100000,101111,111
100000,011111,000
100000,011111,111
100000,111111,000
110000,100000,111
110000,010000,111
110000,101000,111
110000,011000,111
110000,100100,111
110000,010100,111
110000,111011,100
110000,100111,111
110000,110111,100
110000,110111,111
110000,101111,100
110000,101111,111
110000,011111,111
110000,111111,100
101000,010000,111
101000,110000,111
101000,011000,111
101000,100100,111
101000,010100,111
101000,101011,100
101000,111011,100
101000,100111,111
101000,110111,100
101000,110111,111
101000,101111,100
101000,101111,111
101000,011111,111
101000,111111,100
100100,110000,111
100100,101000,111
100100,011000,111
100100,010100,111
100100,100111,111
100100,110111,111
100100,101111,111
100100,011111,111
101011,100000,000
101011,010000,000
101011,001000,000
101011,101000,100
101011,011011,000
101011,100111,000
101011,010111,000
101011,001111,000
101011,011111,000
111011,100000,000
111011,010000,000
111011,110000,100
111011,001000,000
111011,101000,100
111011,110111,000
111011,110111,100
111011,101111,000
111011,101111,100
111011,011111,000
100111,100000,000
100111,100000,111
100111,010000,000
100111,110000,111
100111,001000,000
100111,101000,111
100111,100100,111
100111,101011,000
100111,011011,000
100111,010111,000
100111,110111,111
100111,001111,000
100111,101111,000
100111,101111,111
110111,000000,111
110111,100000,000
110111,100000,111
110111,010000,000
110111,010000,111
110111,110000,100
110111,110000,111
110111,001000,000
110111,001000,111
110111,101000,100
110111,101000,111
110111,011000,111
110111,000100,111
110111,100100,111
110111,010100,111
110111,111011,000
110111,111011,100
110111,100111,111
110111,101111,000
110111,101111,100
110111,011111,000
101111,000000,111
101111,100000,000
101111,100000,111
101111,010000,000
101111,010000,111
101111,110000,100
101111,110000,111
101111,001000,000
101111,001000,111
101111,101000,100
101111,101000,111
101111,011000,111
101111,000100,111
101111,100100,111
101111,010100,111
101111,111011,000
101111,111011,100
101111,100111,000
101111,100111,111
101111,010111,000
101111,110111,000
101111,110111,100
101111,001111,000
101111,011111,000
111111,100000,000
111111,010000,000
111111,110000,100
111111,001000,000
111111,101000,100
100000,010000,1011
100000,010000,0111
100000,010000,1111
100000,110000,0100
100000,110000,1111
100000,001000,1011
100000,001000,0111
100000,001000,1111
100000,000100,1011
100000,000100,0111
100000,000100,1111
100000,010100,1011
100000,010100,0111
100000,010100,1111
100000,101011,0100
100000,101011,0111
100000,011011,0100
100000,111011,0100
100000,100111,0100
100000,100111,1011
100000,100111,1111
100000,010111,0100
100000,010111,1011
100000,110111,0100
100000,001111,1011
100000,001111,0111
100000,101111,0100
100000,101111,0111
100000,011111,0100
100000,011111,1011
100000,111111,0100
110000,100000,0100
110000,100000,1111
110000,010000,1000
110000,010000,1111
110000,101000,1111
110000,011000,1111
110000,100100,1111
110000,010100,1111
110000,111011,1000
110000,111011,0100
110000,100111,1111
110000,110111,1000
110000,110111,0100
110000,101111,1000
110000,101111,0100
110000,011111,1000
110000,011111,0100
110000,111111,1000
110000,111111,0100
101000,010000,1011
101000,010000,0111
101000,010000,1111
101000,110000,1111
101000,011000,1011
101000,011000,0111
101000,011000,1111
101000,100100,1011
101000,100100,0111
101000,100100,1111
101000,010100,1011
101000,010100,0111
101000,010100,1111
101000,101011,0100
101000,101011,0111
101000,011011,0100
101000,111011,0100
101000,100111,0100
101000,100111,1011
101000,100111,1111
101000,010111,0100
101000,010111,1011
101000,110111,0100
101000,101111,0100
101000,101111,0111
101000,011111,0100
101000,011111,1011
101000,111111,0100
100100,110000,1111
100100,101000,1011
100100,101000,0111
100100,101000,1111
100100,011000,1011
100100,011000,0111
100100,011000,1111
100100,010100,1011
100100,010100,0111
100100,010100,1111
100100,101011,0111
100100,100111,1011
100100,100111,1111
100100,010111,1011
100100,101111,0111
100100,011111,1011
101011,000000,0111
101011,100000,0100
101011,100000,0111
101011,010000,1000
101011,010000,0111
101011,001000,0111
101011,101000,0100
101011,101000,0111
101011,011000,0100
101011,011000,0111
101011,000100,0111
101011,100100,0111
101011,010100,1000
101011,010100,0111
101011,011011,0000
101011,011011,1000
101011,011011,0100
101011,100111,0000
101011,100111,1000
101011,100111,0100
101011,010111,0000
101011,010111,1000
101011,010111,0100
101011,001111,0000
101011,011111,0000
101011,011111,1000
101011,011111,0100
111011,100000,0100
111011,010000,1000
111011,110000,1000
111011,110000,0100
111011,101000,0100
111011,011000,0100
111011,010100,1000
111011,100111,1000
111011,110111,0000
111011,110111,1000
111011,110111,0100
111011,101111,0000
111011,101111,1000
111011,101111,0100
111011,011111,0000
111011,011111,1000
111011,011111,0100
100111,000000,1011
100111,100000,0100
100111,100000,1011
100111,100000,1111
100111,010000,1000
100111,010000,1011
100111,110000,1111
100111,001000,1011
100111,101000,0100
100111,101000,1011
100111,101000,1111
100111,011000,0100
100111,011000,1011
100111,000100,1011
100111,100100,1011
100111,100100,1111
100111,010100,1000
100111,010100,1011
100111,101011,0000
100111,101011,1000
100111,101011,0100
100111,011011,0000
100111,011011,1000
100111,011011,0100
100111,111011,1000
100111,010111,0000
100111,010111,1000
100111,010111,0100
100111,110111,1000
100111,001111,0000
100111,101111,0000
100111,101111,1000
100111,101111,0100
100111,111111,1000
110111,100000,0100
110111,010000,1000
110111,110000,1000
110111,110000,0100
110111,101000,0100
110111,011000,0100
110111,010100,1000
110111,111011,0000
110111,111011,1000
110111,111011,0100
110111,100111,1000
110111,101111,0000
110111,101111,1000
110111,101111,0100
110111,011111,0000
110111,011111,1000
110111,011111,0100
101111,000000,0111
101111,100000,0100
101111,100000,0111
101111,010000,1000
101111,010000,0111
101111,110000,1000
101111,110000,0100
101111,001000,0111
101111,101000,0100
101111,101000,0111
101111,011000,0100
101111,011000,0111
101111,000100,0111
101111,100100,0111
101111,010100,1000
101111,010100,0111
101111,111011,0000
101111,111011,1000
101111,111011,0100
101111,100111,0000
101111,100111,1000
101111,100111,0100
101111,010111,0000
101111,010111,1000
101111,010111,0100
101111,110111,0000
101111,110111,1000
101111,110111,0100
101111,001111,0000
101111,001111,0111
101111,011111,0000
101111,011111,1000
101111,011111,0100
111111,100000,0100
111111,010000,1000
111111,110000,1000
111111,110000,0100
111111,101000,0100
111111,011000,0100
111111,010100,1000
111111,100111,1000
100000,010000,11011
100000,010000,10111
100000,010000,01111
100000,010000,11111
100000,110000,01000
100000,110000,11011
100000,110000,10111
100000,110000,01111
100000,110000,11111
100000,001000,11011
100000,001000,10111
100000,001000,01111
100000,001000,11111
100000,000100,11011
100000,000100,10111
100000,000100,01111
100000,000100,11111
100000,010100,11011
100000,010100,10111
100000,010100,01111
100000,010100,11111
100000,101011,01000
100000,101011,00100
100000,101011,01111
100000,011011,01000
100000,011011,00100
100000,111011,01000
100000,111011,11000
100000,111011,00100
100000,100111,01000
100000,100111,11000
100000,100111,00100
100000,100111,11011
100000,100111,10111
100000,100111,11111
100000,010111,01000
100000,010111,00100
100000,010111,10111
100000,110111,01000
100000,110111,11000
100000,110111,00100
100000,110111,10111
100000,110111,01111
100000,001111,01000
100000,001111,00100
100000,001111,10111
100000,001111,01111
100000,101111,01000
100000,101111,11000
100000,101111,00100
100000,101111,11011
100000,101111,01111
100000,011111,01000
100000,011111,00100
100000,011111,11011
100000,011111,10111
100000,111111,01000
100000,111111,11000
100000,111111,00100
110000,100000,01000
110000,100000,11011
110000,100000,10111
110000,100000,01111
110000,100000,11111
110000,010000,10000
110000,010000,11011
110000,010000,10111
110000,010000,01111
110000,010000,11111
110000,101000,01000
110000,101000,11011
110000,101000,10111
110000,101000,01111
110000,101000,11111
110000,011000,01000
110000,011000,11011
110000,011000,10111
110000,011000,01111
110000,011000,11111
110000,100100,11011
110000,100100,10111
110000,100100,01111
110000,100100,11111
110000,010100,10000
110000,010100,11011
110000,010100,10111
110000,010100,01111
110000,010100,11111
110000,111011,10000
110000,111011,01000
110000,111011,10100
110000,100111,10000
110000,100111,11011
110000,100111,10111
110000,100111,11111
110000,110111,10000
110000,110111,01000
110000,110111,10100
110000,110111,10111
110000,110111,01111
110000,101111,10000
110000,101111,01000
110000,101111,10100
110000,101111,11011
110000,101111,01111
110000,011111,10000
110000,011111,01000
110000,011111,11011
110000,011111,10111
110000,111111,10000
110000,111111,01000
110000,111111,10100
101000,010000,11011
101000,010000,10111
101000,010000,01111
101000,010000,11111
101000,110000,01000
101000,110000,11011
101000,110000,10111
101000,110000,01111
101000,110000,11111
101000,011000,01000
101000,011000,11011
101000,011000,10111
101000,011000,01111
101000,011000,11111
101000,100100,11000
101000,100100,11011
101000,100100,10111
101000,100100,01111
101000,100100,11111
101000,010100,11011
101000,010100,10111
101000,010100,01111
101000,010100,11111
101000,101011,01000
101000,101011,01111
101000,011011,01000
101000,111011,01000
101000,111011,11000
101000,100111,01000
101000,100111,11000
101000,100111,11011
101000,100111,10111
101000,100111,11111
101000,010111,01000
101000,010111,10111
101000,110111,01000
101000,110111,11000
101000,110111,10111
101000,110111,01111
101000,101111,01000
101000,101111,11000
101000,101111,11011
101000,101111,01111
101000,011111,01000
101000,011111,11011
101000,011111,10111
101000,111111,01000
101000,111111,11000
100100,110000,11011
100100,110000,10111
100100,110000,01111
100100,110000,11111
100100,101000,11000
100100,101000,11011
100100,101000,10111
100100,101000,01111
100100,101000,11111
100100,011000,11011
100100,011000,10111
100100,011000,01111
100100,011000,11111
100100,010100,11011
100100,010100,10111
100100,010100,01111
100100,010100,11111
100100,101011,01111
100100,111011,11000
100100,100111,11000
100100,100111,11011
100100,100111,10111
100100,100111,11111
100100,010111,10111
100100,110111,11000
100100,110111,10111
100100,110111,01111
100100,101111,11000
100100,101111,11011
100100,101111,01111
100100,011111,11011
100100,011111,10111
100100,111111,11000
101011,000000,01111
101011,100000,01000
101011,100000,00100
101011,100000,01111
101011,010000,10000
101011,010000,00100
101011,010000,01111
101011,001000,10000
101011,001000,01000
101011,001000,01111
101011,101000,01000
101011,101000,01111
101011,011000,01000
101011,011000,01111
101011,000100,01111
101011,100100,01111
101011,010100,10000
101011,010100,01111
101011,011011,00000
101011,011011,10000
101011,011011,01000
101011,011011,00100
101011,100111,00000
101011,100111,10000
101011,100111,01000
101011,100111,00100
101011,010111,00000
101011,010111,10000
101011,010111,01000
101011,010111,00100
101011,001111,00000
101011,001111,10000
101011,001111,01000
101011,001111,00100
101011,001111,01111
101011,011111,00000
101011,011111,10000
101011,011111,01000
101011,011111,00100
111011,100000,01000
111011,100000,11000
111011,100000,00100
111011,010000,10000
111011,010000,00100
111011,110000,10000
111011,110000,01000
111011,110000,10100
111011,001000,10000
111011,001000,01000
111011,101000,01000
111011,101000,11000
111011,011000,01000
111011,100100,11000
111011,010100,10000
111011,100111,10000
111011,100111,11000
111011,110111,00000
111011,110111,10000
111011,110111,01000
111011,110111,11000
111011,110111,00100
111011,110111,10100
111011,101111,00000
111011,101111,10000
111011,101111,01000
111011,101111,11000
111011,101111,00100
111011,101111,10100
111011,011111,00000
111011,011111,10000
111011,011111,01000
111011,011111,00100
100111,000000,10111
100111,100000,01000
100111,100000,11000
100111,100000,00100
100111,100000,11011
100111,100000,10111
100111,100000,11111
100111,010000,10000
100111,010000,00100
100111,010000,10111
100111,110000,10000
100111,110000,11011
100111,110000,10111
100111,110000,11111
100111,001000,10000
100111,001000,01000
100111,001000,10111
100111,101000,01000
100111,101000,11000
100111,101000,11011
100111,101000,10111
100111,101000,11111
100111,011000,01000
100111,011000,10111
100111,000100,10111
100111,100100,11000
100111,100100,11011
100111,100100,10111
100111,100100,11111
100111,010100,10000
100111,010100,10111
100111,101011,00000
100111,101011,10000
100111,101011,01000
100111,101011,00100
100111,011011,00000
100111,011011,10000
100111,011011,01000
100111,011011,00100
100111,111011,10000
100111,111011,11000
100111,010111,00000
100111,010111,10000
100111,010111,01000
100111,010111,00100
100111,010111,10111
100111,110111,10000
100111,110111,11000
100111,110111,10111
100111,001111,00000
100111,001111,10000
100111,001111,01000
100111,001111,00100
100111,001111,10111
100111,101111,00000
100111,101111,10000
100111,101111,01000
100111,101111,11000
100111,101111,00100
100111,101111,11011
100111,111111,10000
100111,111111,11000
110111,000000,10111
110111,000000,01111
110111,100000,01000
110111,100000,11000
110111,100000,00100
110111,100000,10111
110111,100000,01111
110111,010000,10000
110111,010000,00100
110111,010000,10111
110111,010000,01111
110111,110000,10000
110111,110000,01000
110111,110000,10100
110111,110000,10111
110111,110000,01111
110111,001000,10000
110111,001000,01000
110111,001000,10111
110111,001000,01111
110111,101000,01000
110111,101000,11000
110111,101000,10111
110111,101000,01111
110111,011000,01000
110111,011000,10111
110111,011000,01111
110111,000100,10111
110111,000100,01111
110111,100100,11000
110111,100100,10111
110111,100100,01111
110111,010100,10000
110111,010100,10111
110111,010100,01111
110111,111011,00000
110111,111011,10000
110111,111011,01000
110111,111011,11000
110111,111011,00100
110111,111011,10100
110111,100111,10000
110111,100111,11000
110111,100111,10111
110111,101111,00000
110111,101111,10000
110111,101111,01000
110111,101111,11000
110111,101111,00100
110111,101111,10100
110111,101111,01111
110111,011111,00000
110111,011111,10000
110111,011111,01000
110111,011111,00100
101111,000000,11011
101111,000000,01111
101111,100000,01000
101111,100000,11000
101111,100000,00100
101111,100000,11011
101111,100000,01111
101111,010000,10000
101111,010000,00100
101111,010000,11011
101111,010000,01111
101111,110000,10000
101111,110000,01000
101111,110000,10100
101111,110000,11011
101111,110000,01111
101111,001000,10000
101111,001000,01000
101111,001000,11011
101111,001000,01111
101111,101000,01000
101111,101000,11000
101111,101000,11011
101111,101000,01111
101111,011000,01000
101111,011000,11011
101111,011000,01111
101111,000100,11011
101111,000100,01111
101111,100100,11000
101111,100100,11011
101111,100100,01111
101111,010100,10000
101111,010100,11011
101111,010100,01111
101111,111011,00000
101111,111011,10000
101111,111011,01000
101111,111011,11000
101111,111011,00100
101111,111011,10100
101111,100111,00000
101111,100111,10000
101111,100111,01000
101111,100111,11000
101111,100111,00100
101111,100111,11011
101111,010111,00000
101111,010111,10000
101111,010111,01000
101111,010111,00100
101111,110111,00000
101111,110111,10000
101111,110111,01000
101111,110111,11000
101111,110111,00100
101111,110111,10100
101111,110111,01111
101111,001111,00000
101111,001111,10000
101111,001111,01000
101111,001111,00100
101111,001111,01111
101111,011111,00000
101111,011111,10000
101111,011111,01000
101111,011111,00100
111111,100000,01000
111111,100000,11000
111111,100000,00100
111111,010000,10000
111111,010000,00100
111111,110000,10000
111111,110000,01000
111111,110000,10100
111111,001000,10000
111111,001000,01000
111111,101000,01000
111111,101000,11000
111111,011000,01000
111111,100100,11000
111111,010100,10000
111111,100111,10000
111111,100111,11000
100000,010000,110000
100000,010000,101011
100000,010000,011011
100000,010000,111011
100000,010000,100111
100000,010000,010111
100000,010000,110111
100000,010000,001111
100000,010000,101111
100000,010000,011111
100000,010000,111111
100000,110000,010000
100000,110000,010100
100000,110000,111011
100000,110000,100111
100000,110000,110111
100000,110000,101111
100000,110000,011111
100000,110000,111111
100000,001000,101011
100000,001000,011011
100000,001000,111011
100000,001000,100111
100000,001000,010111
100000,001000,110111
100000,001000,001111
100000,001000,101111
100000,001000,011111
100000,001000,111111
100000,000100,101011
100000,000100,011011
100000,000100,111011
100000,000100,100111
100000,000100,010111
100000,000100,110111
100000,000100,001111
100000,000100,101111
100000,000100,011111
100000,000100,111111
100000,010100,110000
100000,010100,101011
100000,010100,011011
100000,010100,111011
100000,010100,100111
100000,010100,010111
100000,010100,110111
100000,010100,101111
100000,010100,011111
100000,010100,111111
100000,101011,010000
100000,101011,001000
100000,101011,000100
100000,101011,010100
100000,101011,011011
100000,101011,100111
100000,101011,010111
100000,101011,001111
100000,101011,011111
100000,011011,010000
100000,011011,001000
100000,011011,000100
100000,011011,010100
100000,011011,101011
100000,011011,100111
100000,011011,010111
100000,011011,001111
100000,111011,010000
100000,111011,110000
100000,111011,001000
100000,111011,000100
100000,111011,010100
100000,111011,100111
100000,111011,110111
100000,111011,101111
100000,111011,011111
100000,100111,010000
100000,100111,110000
100000,100111,001000
100000,100111,000100
100000,100111,010100
100000,100111,101011
100000,100111,011011
100000,100111,111011
100000,100111,010111
100000,100111,110111
100000,100111,001111
100000,100111,101111
100000,100111,111111
100000,010111,010000
100000,010111,001000
100000,010111,000100
100000,010111,010100
100000,010111,101011
100000,010111,011011
100000,010111,100111
100000,010111,001111
100000,010111,101111
100000,110111,010000
100000,110111,110000
100000,110111,001000
100000,110111,000100
100000,110111,010100
100000,110111,111011
100000,110111,100111
100000,110111,101111
100000,110111,011111
100000,001111,010000
100000,001111,001000
100000,001111,000100
100000,001111,101011
100000,001111,011011
100000,001111,100111
100000,001111,010111
100000,001111,101111
100000,001111,011111
100000,101111,010000
100000,101111,110000
100000,101111,001000
100000,101111,000100
100000,101111,010100
100000,101111,111011
100000,101111,100111
100000,101111,010111
100000,101111,110111
100000,101111,001111
100000,101111,011111
100000,011111,010000
100000,011111,110000
100000,011111,001000
100000,011111,000100
100000,011111,010100
100000,011111,101011
100000,011111,111011
100000,011111,110111
100000,011111,001111
100000,011111,101111
100000,111111,010000
100000,111111,110000
100000,111111,001000
100000,111111,000100
100000,111111,010100
100000,111111,100111
110000,100000,010000
110000,100000,010100
110000,100000,111011
110000,100000,100111
110000,100000,110111
110000,100000,101111
110000,100000,011111
110000,100000,111111
110000,010000,100000
110000,010000,101000
110000,010000,011000
110000,010000,111011
110000,010000,110111
110000,010000,101111
110000,010000,011111
110000,010000,111111
110000,101000,010000
110000,101000,111011
110000,101000,110111
110000,101000,101111
110000,101000,011111
110000,101000,111111
110000,011000,010000
110000,011000,111011
110000,011000,110111
110000,011000,101111
110000,011000,011111
110000,011000,111111
110000,100100,111011
110000,100100,110111
110000,100100,101111
110000,100100,011111
110000,100100,111111
110000,010100,100000
110000,010100,111011
110000,010100,110111
110000,010100,101111
110000,010100,011111
110000,010100,111111
110000,111011,100000
110000,111011,010000
110000,111011,101000
110000,111011,011000
110000,111011,100100
110000,111011,010100
110000,111011,100111
110000,111011,110111
110000,111011,101111
110000,111011,011111
110000,100111,100000
110000,100111,111011
110000,100111,110111
110000,100111,101111
110000,100111,111111
110000,110111,100000
110000,110111,010000
110000,110111,101000
110000,110111,011000
110000,110111,100100
110000,110111,010100
110000,110111,111011
110000,110111,100111
110000,110111,101111
110000,110111,011111
110000,101111,100000
110000,101111,010000
110000,101111,101000
110000,101111,011000
110000,101111,100100
110000,101111,010100
110000,101111,111011
110000,101111,100111
110000,101111,110111
110000,101111,011111
110000,011111,100000
110000,011111,010000
110000,011111,101000
110000,011111,011000
110000,011111,100100
110000,011111,010100
110000,011111,111011
110000,011111,110111
110000,011111,101111
110000,111111,100000
110000,111111,010000
110000,111111,101000
110000,111111,011000
110000,111111,100100
110000,111111,010100
110000,111111,100111
101000,010000,110000
101000,010000,011000
101000,010000,101011
101000,010000,011011
101000,010000,111011
101000,010000,100111
101000,010000,010111
101000,010000,110111
101000,010000,101111
101000,010000,011111
101000,010000,111111
101000,110000,010000
101000,110000,111011
101000,110000,110111
101000,110000,101111
101000,110000,011111
101000,110000,111111
101000,011000,010000
101000,011000,101011
101000,011000,011011
101000,011000,111011
101000,011000,100111
101000,011000,010111
101000,011000,110111
101000,011000,101111
101000,011000,011111
101000,011000,111111
101000,100100,101011
101000,100100,011011
101000,100100,111011
101000,100100,100111
101000,100100,010111
101000,100100,110111
101000,100100,101111
101000,100100,011111
101000,100100,111111
101000,010100,101011
101000,010100,011011
101000,010100,111011
101000,010100,100111
101000,010100,010111
101000,010100,110111
101000,010100,101111
101000,010100,011111
101000,010100,111111
101000,101011,010000
101000,101011,011000
101000,101011,100100
101000,101011,010100
101000,101011,011011
101000,101011,100111
101000,101011,010111
101000,101011,011111
101000,011011,010000
101000,011011,011000
101000,011011,100100
101000,011011,010100
101000,011011,101011
101000,011011,100111
101000,011011,010111
101000,111011,010000
101000,111011,110000
101000,111011,011000
101000,111011,100100
101000,111011,010100
101000,111011,100111
101000,111011,110111
101000,111011,101111
101000,111011,011111
101000,100111,010000
101000,100111,011000
101000,100111,100100
101000,100111,010100
101000,100111,101011
101000,100111,011011
101000,100111,111011
101000,100111,010111
101000,100111,110111
101000,100111,101111
101000,100111,111111
101000,010111,010000
101000,010111,011000
101000,010111,100100
101000,010111,010100
101000,010111,101011
101000,010111,011011
101000,010111,100111
101000,010111,101111
101000,110111,010000
101000,110111,110000
101000,110111,011000
101000,110111,100100
101000,110111,010100
101000,110111,111011
101000,110111,100111
101000,110111,101111
101000,110111,011111
101000,101111,010000
101000,101111,110000
101000,101111,011000
101000,101111,100100
101000,101111,010100
101000,101111,111011
101000,101111,100111
101000,101111,010111
101000,101111,110111
101000,101111,011111
101000,011111,010000
101000,011111,110000
101000,011111,011000
101000,011111,100100
101000,011111,010100
101000,011111,101011
101000,011111,111011
101000,011111,110111
101000,011111,101111
101000,111111,010000
101000,111111,110000
101000,111111,011000
101000,111111,100100
101000,111111,010100
101000,111111,100111
100100,110000,111011
100100,110000,110111
100100,110000,101111
100100,110000,011111
100100,110000,111111
100100,101000,101011
100100,101000,011011
100100,101000,111011
100100,101000,100111
100100,101000,010111
100100,101000,110111
100100,101000,101111
100100,101000,011111
100100,101000,111111
100100,011000,101011
100100,011000,011011
100100,011000,111011
100100,011000,100111
100100,011000,010111
100100,011000,110111
100100,011000,101111
100100,011000,011111
100100,011000,111111
100100,010100,101011
100100,010100,011011
100100,010100,111011
100100,010100,100111
100100,010100,010111
100100,010100,110111
100100,010100,101111
100100,010100,011111
100100,010100,111111
100100,101011,101000
100100,101011,011000
100100,101011,010100
100100,101011,011011
100100,101011,100111
100100,101011,010111
100100,101011,011111
100100,011011,101000
100100,011011,011000
100100,011011,010100
100100,011011,101011
100100,011011,100111
100100,011011,010111
100100,111011,110000
100100,111011,101000
100100,111011,011000
100100,111011,010100
100100,111011,100111
100100,111011,110111
100100,111011,101111
100100,111011,011111
100100,100111,101000
100100,100111,011000
100100,100111,010100
100100,100111,101011
100100,100111,011011
100100,100111,111011
100100,100111,010111
100100,100111,110111
100100,100111,101111
100100,100111,111111
100100,010111,101000
100100,010111,011000
100100,010111,010100
100100,010111,101011
100100,010111,011011
100100,010111,100111
100100,010111,101111
100100,110111,110000
100100,110111,101000
100100,110111,011000
100100,110111,010100
100100,110111,111011
100100,110111,100111
100100,110111,101111
100100,110111,011111
100100,101111,110000
100100,101111,101000
100100,101111,011000
100100,101111,010100
100100,101111,111011
100100,101111,100111
100100,101111,010111
100100,101111,110111
100100,101111,011111
100100,011111,110000
100100,011111,101000
100100,011111,011000
100100,011111,010100
100100,011111,101011
100100,011111,111011
100100,011111,110111
100100,011111,101111
100100,111111,110000
100100,111111,101000
100100,111111,011000
100100,111111,010100
100100,111111,100111
101011,000000,011011
101011,000000,100111
101011,000000,010111
101011,000000,001111
101011,000000,011111
101011,100000,010000
101011,100000,001000
101011,100000,000100
101011,100000,010100
101011,100000,011011
101011,100000,100111
101011,100000,010111
101011,100000,001111
101011,100000,011111
101011,010000,100000
101011,010000,001000
101011,010000,101000
101011,010000,011000
101011,010000,000100
101011,010000,011011
101011,010000,100111
101011,010000,010111
101011,010000,001111
101011,010000,011111
101011,001000,100000
101011,001000,010000
101011,001000,000100
101011,001000,011011
101011,001000,100111
101011,001000,010111
101011,001000,001111
101011,001000,011111
101011,101000,010000
101011,101000,011000
101011,101000,100100
101011,101000,010100
101011,101000,011011
101011,101000,100111
101011,101000,010111
101011,101000,011111
101011,011000,010000
101011,011000,101000
101011,011000,100100
101011,011000,010100
101011,011000,011011
101011,011000,100111
101011,011000,010111
101011,011000,011111
101011,000100,100000
101011,000100,010000
101011,000100,001000
101011,000100,011011
101011,000100,100111
101011,000100,010111
101011,000100,001111
101011,000100,011111
101011,100100,101000
101011,100100,011000
101011,100100,010100
101011,100100,011011
101011,100100,100111
101011,100100,010111
101011,100100,011111
101011,010100,100000
101011,010100,101000
101011,010100,011000
101011,010100,100100
101011,010100,011011
101011,010100,100111
101011,010100,010111
101011,010100,011111
101011,011011,000000
101011,011011,100000
101011,011011,010000
101011,011011,001000
101011,011011,101000
101011,011011,011000
101011,011011,000100
101011,011011,100100
101011,011011,010100
101011,100111,000000
101011,100111,100000
101011,100111,010000
101011,100111,001000
101011,100111,101000
101011,100111,011000
101011,100111,000100
101011,100111,100100
101011,100111,010100
101011,010111,000000
101011,010111,100000
101011,010111,010000
101011,010111,001000
101011,010111,101000
101011,010111,011000
101011,010111,000100
101011,010111,100100
101011,010111,010100
101011,001111,000000
101011,001111,100000
101011,001111,010000
101011,001111,001000
101011,001111,000100
101011,001111,011111
101011,011111,000000
101011,011111,100000
101011,011111,010000
101011,011111,001000
101011,011111,101000
101011,011111,011000
101011,011111,000100
101011,011111,100100
101011,011111,010100
101011,011111,001111
111011,000000,110111
111011,000000,101111
111011,000000,011111
111011,100000,010000
111011,100000,110000
111011,100000,001000
111011,100000,000100
111011,100000,010100
111011,100000,100111
111011,100000,110111
111011,100000,101111
111011,100000,011111
111011,010000,100000
111011,010000,110000
111011,010000,001000
111011,010000,101000
111011,010000,011000
111011,010000,000100
111011,010000,110111
111011,010000,101111
111011,010000,011111
111011,110000,100000
111011,110000,010000
111011,110000,101000
111011,110000,011000
111011,110000,100100
111011,110000,010100
111011,110000,100111
111011,110000,110111
111011,110000,101111
111011,110000,011111
111011,001000,100000
111011,001000,010000
111011,001000,000100
111011,001000,110111
111011,001000,101111
111011,001000,011111
111011,101000,010000
111011,101000,110000
111011,101000,011000
111011,101000,100100
111011,101000,010100
111011,101000,100111
111011,101000,110111
111011,101000,101111
111011,101000,011111
111011,011000,010000
111011,011000,110000
111011,011000,101000
111011,011000,100100
111011,011000,010100
111011,011000,110111
111011,011000,101111
111011,011000,011111
111011,000100,100000
111011,000100,010000
111011,000100,001000
111011,000100,110111
111011,000100,101111
111011,000100,011111
111011,100100,110000
111011,100100,101000
111011,100100,011000
111011,100100,010100
111011,100100,100111
111011,100100,110111
111011,100100,101111
111011,100100,011111
111011,010100,100000
111011,010100,110000
111011,010100,101000
111011,010100,011000
111011,010100,100100
111011,010100,110111
111011,010100,101111
111011,010100,011111
111011,100111,100000
111011,100111,110000
111011,100111,101000
111011,100111,100100
111011,100111,110111
111011,100111,101111
111011,110111,000000
111011,110111,100000
111011,110111,010000
111011,110111,110000
111011,110111,001000
111011,110111,101000
111011,110111,011000
111011,110111,000100
111011,110111,100100
111011,110111,010100
111011,110111,100111
111011,101111,000000
111011,101111,100000
111011,101111,010000
111011,101111,110000
111011,101111,001000
111011,101111,101000
111011,101111,011000
111011,101111,000100
111011,101111,100100
111011,101111,010100
111011,101111,100111
111011,011111,000000
111011,011111,100000
111011,011111,010000
111011,011111,110000
111011,011111,001000
111011,011111,101000
111011,011111,011000
111011,011111,000100
111011,011111,100100
111011,011111,010100
100111,000000,101011
100111,000000,011011
100111,000000,010111
100111,000000,001111
100111,000000,101111
100111,100000,010000
100111,100000,110000
100111,100000,001000
100111,100000,000100
100111,100000,010100
100111,100000,101011
100111,100000,011011
100111,100000,111011
100111,100000,010111
100111,100000,110111
100111,100000,001111
100111,100000,101111
100111,100000,111111
100111,010000,100000
100111,010000,001000
100111,010000,101000
100111,010000,011000
100111,010000,000100
100111,010000,101011
100111,010000,011011
100111,010000,010111
100111,010000,001111
100111,010000,101111
100111,110000,100000
100111,110000,111011
100111,110000,110111
100111,110000,101111
100111,110000,111111
100111,001000,100000
100111,001000,010000
100111,001000,000100
100111,001000,101011
100111,001000,011011
100111,001000,010111
100111,001000,001111
100111,001000,101111
100111,101000,010000
100111,101000,011000
100111,101000,100100
100111,101000,010100
100111,101000,101011
100111,101000,011011
100111,101000,111011
100111,101000,010111
100111,101000,110111
100111,101000,101111
100111,101000,111111
100111,011000,010000
100111,011000,101000
100111,011000,100100
100111,011000,010100
100111,011000,101011
100111,011000,011011
100111,011000,010111
100111,011000,101111
100111,000100,100000
100111,000100,010000
100111,000100,001000
100111,000100,101011
100111,000100,011011
100111,000100,010111
100111,000100,001111
100111,000100,101111
100111,100100,101000
100111,100100,011000
100111,100100,010100
100111,100100,101011
100111,100100,011011
100111,100100,111011
100111,100100,010111
100111,100100,110111
100111,100100,101111
100111,100100,111111
100111,010100,100000
100111,010100,101000
100111,010100,011000
100111,010100,100100
100111,010100,101011
100111,010100,011011
100111,010100,010111
100111,010100,101111
100111,101011,000000
100111,101011,100000
100111,101011,010000
100111,101011,001000
100111,101011,101000
100111,101011,011000
100111,101011,000100
100111,101011,100100
100111,101011,010100
100111,011011,000000
100111,011011,100000
100111,011011,010000
100111,011011,001000
100111,011011,101000
100111,011011,011000
100111,011011,000100
100111,011011,100100
100111,011011,010100
100111,111011,100000
100111,111011,110000
100111,111011,101000
100111,111011,100100
100111,111011,110111
100111,111011,101111
100111,010111,000000
100111,010111,100000
100111,010111,010000
100111,010111,001000
100111,010111,101000
100111,010111,011000
100111,010111,000100
100111,010111,100100
100111,010111,010100
100111,010111,101111
100111,110111,100000
100111,110111,110000
100111,110111,101000
100111,110111,100100
100111,110111,111011
100111,110111,101111
100111,001111,000000
100111,001111,100000
100111,001111,010000
100111,001111,001000
100111,001111,000100
100111,001111,101111
100111,101111,000000
100111,101111,100000
100111,101111,010000
100111,101111,110000
100111,101111,001000
100111,101111,101000
100111,101111,011000
100111,101111,000100
100111,101111,100100
100111,101111,010100
100111,101111,111011
100111,101111,010111
100111,101111,110111
100111,101111,001111
100111,111111,100000
100111,111111,110000
100111,111111,101000
100111,111111,100100
110111,000000,111011
110111,000000,101111
110111,000000,011111
110111,100000,010000
110111,100000,110000
110111,100000,001000
110111,100000,000100
110111,100000,010100
110111,100000,111011
110111,100000,100111
110111,100000,101111
110111,100000,011111
110111,010000,100000
110111,010000,110000
110111,010000,001000
110111,010000,101000
110111,010000,011000
110111,010000,000100
110111,010000,111011
110111,010000,101111
110111,010000,011111
110111,110000,100000
110111,110000,010000
110111,110000,101000
110111,110000,011000
110111,110000,100100
110111,110000,010100
110111,110000,111011
110111,110000,100111
110111,110000,101111
110111,110000,011111
110111,001000,100000
110111,001000,010000
110111,001000,000100
110111,001000,111011
110111,001000,101111
110111,001000,011111
110111,101000,010000
110111,101000,110000
110111,101000,011000
110111,101000,100100
110111,101000,010100
110111,101000,111011
110111,101000,100111
110111,101000,101111
110111,101000,011111
110111,011000,010000
110111,011000,110000
110111,011000,101000
110111,011000,100100
110111,011000,010100
110111,011000,111011
110111,011000,101111
110111,011000,011111
110111,000100,100000
110111,000100,010000
110111,000100,001000
110111,000100,111011
110111,000100,101111
110111,000100,011111
110111,100100,110000
110111,100100,101000
110111,100100,011000
110111,100100,010100
110111,100100,111011
110111,100100,100111
110111,100100,101111
110111,100100,011111
110111,010100,100000
110111,010100,110000
110111,010100,101000
110111,010100,011000
110111,010100,100100
110111,010100,111011
110111,010100,101111
110111,010100,011111
110111,111011,000000
110111,111011,100000
110111,111011,010000
110111,111011,110000
110111,111011,001000
110111,111011,101000
110111,111011,011000
110111,111011,000100
110111,111011,100100
110111,111011,010100
110111,111011,100111
110111,100111,100000
110111,100111,110000
110111,100111,101000
110111,100111,100100
110111,100111,111011
110111,100111,101111
110111,101111,000000
110111,101111,100000
110111,101111,010000
110111,101111,110000
110111,101111,001000
110111,101111,101000
110111,101111,011000
110111,101111,000100
110111,101111,100100
110111,101111,010100
110111,101111,100111
110111,011111,000000
110111,011111,100000
110111,011111,010000
110111,011111,110000
110111,011111,001000
110111,011111,101000
110111,011111,011000
110111,011111,000100
110111,011111,100100
110111,011111,010100
101111,000000,111011
101111,000000,100111
101111,000000,010111
101111,000000,110111
101111,000000,001111
101111,000000,011111
101111,100000,010000
101111,100000,110000
101111,100000,001000
101111,100000,000100
101111,100000,010100
101111,100000,111011
101111,100000,100111
101111,100000,010111
101111,100000,110111
101111,100000,001111
101111,100000,011111
101111,010000,100000
101111,010000,110000
101111,010000,001000
101111,010000,101000
101111,010000,011000
101111,010000,000100
101111,010000,111011
101111,010000,100111
101111,010000,010111
101111,010000,110111
101111,010000,001111
101111,010000,011111
101111,110000,100000
101111,110000,010000
101111,110000,101000
101111,110000,011000
101111,110000,100100
101111,110000,010100
101111,110000,111011
101111,110000,100111
101111,110000,110111
101111,110000,011111
101111,001000,100000
101111,001000,010000
101111,001000,000100
101111,001000,111011
101111,001000,100111
101111,001000,010111
101111,001000,110111
101111,001000,001111
101111,001000,011111
101111,101000,010000
101111,101000,110000
101111,101000,011000
101111,101000,100100
101111,101000,010100
101111,101000,111011
101111,101000,100111
101111,101000,010111
101111,101000,110111
101111,101000,011111
101111,011000,010000
101111,011000,110000
101111,011000,101000
101111,011000,100100
101111,011000,010100
101111,011000,111011
101111,011000,100111
101111,011000,010111
101111,011000,110111
101111,011000,011111
101111,000100,100000
101111,000100,010000
101111,000100,001000
101111,000100,111011
101111,000100,100111
101111,000100,010111
101111,000100,110111
101111,000100,001111
101111,000100,011111
101111,100100,110000
101111,100100,101000
101111,100100,011000
101111,100100,010100
101111,100100,111011
101111,100100,100111
101111,100100,010111
101111,100100,110111
101111,100100,011111
101111,010100,100000
101111,010100,110000
101111,010100,101000
101111,010100,011000
101111,010100,100100
101111,010100,111011
101111,010100,100111
101111,010100,010111
101111,010100,110111
101111,010100,011111
101111,111011,000000
101111,111011,100000
101111,111011,010000
101111,111011,110000
101111,111011,001000
101111,111011,101000
101111,111011,011000
101111,111011,000100
101111,111011,100100
101111,111011,010100
101111,111011,100111
101111,100111,000000
101111,100111,100000
101111,100111,010000
101111,100111,110000
101111,100111,001000
101111,100111,101000
101111,100111,011000
101111,100111,000100
101111,100111,100100
101111,100111,010100
101111,100111,111011
101111,100111,010111
101111,100111,110111
101111,100111,001111
101111,010111,000000
101111,010111,100000
101111,010111,010000
101111,010111,001000
101111,010111,101000
101111,010111,011000
101111,010111,000100
101111,010111,100100
101111,010111,010100
101111,010111,100111
101111,010111,001111
101111,110111,000000
101111,110111,100000
101111,110111,010000
101111,110111,110000
101111,110111,001000
101111,110111,101000
101111,110111,011000
101111,110111,000100
101111,110111,100100
101111,110111,010100
101111,110111,100111
101111,001111,000000
101111,001111,100000
101111,001111,010000
101111,001111,001000
101111,001111,000100
101111,001111,100111
101111,001111,010111
101111,001111,011111
101111,011111,000000
101111,011111,100000
101111,011111,010000
101111,011111,110000
101111,011111,001000
101111,011111,101000
101111,011111,011000
101111,011111,000100
101111,011111,100100
101111,011111,010100
101111,011111,001111
111111,100000,010000
111111,100000,110000
111111,100000,001000
111111,100000,000100
111111,100000,010100
111111,100000,100111
111111,010000,100000
111111,010000,110000
111111,010000,001000
111111,010000,101000
111111,010000,011000
111111,010000,000100
111111,110000,100000
111111,110000,010000
111111,110000,101000
111111,110000,011000
111111,110000,100100
111111,110000,010100
111111,110000,100111
111111,001000,100000
111111,001000,010000
111111,001000,000100
111111,101000,010000
111111,101000,110000
111111,101000,011000
111111,101000,100100
111111,101000,010100
111111,101000,100111
111111,011000,010000
111111,011000,110000
111111,011000,101000
111111,011000,100100
111111,011000,010100
111111,000100,100000
111111,000100,010000
111111,000100,001000
111111,100100,110000
111111,100100,101000
111111,100100,011000
111111,100100,010100
111111,100100,100111
111111,010100,100000
111111,010100,110000
111111,010100,101000
111111,010100,011000
111111,010100,100100
111111,100111,100000
111111,100111,110000
111111,100111,101000
111111,100111,100100
