7,0,1,0
7,1,1,1
7,2,1,0
7,3,1,1
7,4,1,0
7,5,1,1
7,6,1,0
7,7,1,0
7,7,1,1
7,8,1,0
7,9,1,1
7,10,1,0
7,11,1,0
7,11,1,1
7,12,1,0
7,13,1,1
7,14,1,0
7,15,1,1
7,16,1,0
7,17,1,0
7,17,1,1
7,18,1,0
7,19,1,0
7,19,1,1
7,20,1,0
7,20,1,1
7,21,1,1
7,22,1,0
7,22,1,1
7,23,1,1
7,24,1,0
7,25,1,1
7,26,1,0
7,27,1,1
7,28,1,0
7,28,1,1
7,29,1,1
7,30,1,0
7,31,1,1
7,32,1,0
7,32,1,1
7,33,1,1
7,34,1,0
7,35,1,1
7,36,1,0
7,37,1,1
7,38,1,0
7,39,1,1
7,0,2,0
7,3,2,1
7,4,2,0
7,7,2,0
7,7,2,1
7,8,2,0
7,11,2,0
7,11,2,1
7,12,2,0
7,14,2,0
7,17,2,0
7,17,2,1
7,18,2,0
7,19,2,0
7,20,2,1
7,21,2,1
7,22,2,0
7,22,2,1
7,25,2,1
7,27,2,1
7,28,2,0
7,28,2,1
7,31,2,1
7,32,2,0
7,32,2,1
7,35,2,1
7,36,2,0
7,39,2,1
7,0,3,0
7,0,3,1
7,1,3,1
7,1,3,2
7,2,3,1
7,3,3,0
7,3,3,2
7,4,3,1
7,5,3,0
7,5,3,2
7,6,3,1
7,6,3,2
7,7,3,0
7,7,3,2
7,7,3,3
7,8,3,0
7,8,3,1
7,9,3,0
7,9,3,1
7,9,3,2
7,10,3,0
7,10,3,1
7,11,3,0
7,11,3,2
7,12,3,0
7,12,3,1
7,13,3,2
7,14,3,0
7,14,3,1
7,15,3,0
7,15,3,1
7,15,3,2
7,16,3,0
7,16,3,1
7,17,3,0
7,17,3,1
7,17,3,2
7,18,3,0
7,18,3,1
7,19,3,0
7,19,3,1
7,19,3,2
7,20,3,1
7,20,3,2
7,20,3,3
7,21,3,2
7,21,3,3
7,22,3,1
7,22,3,2
7,22,3,3
7,23,3,2
7,23,3,3
7,24,3,1
7,24,3,2
7,24,3,3
7,25,3,2
7,25,3,3
7,26,3,1
7,27,3,2
7,27,3,3
7,28,3,1
7,28,3,3
7,29,3,2
7,29,3,3
7,30,3,1
7,30,3,2
7,30,3,3
7,31,3,2
7,31,3,3
7,32,3,0
7,32,3,1
7,32,3,3
7,33,3,1
7,33,3,2
7,34,3,1
7,34,3,3
7,35,3,2
7,36,3,1
7,36,3,3
7,37,3,2
7,38,3,1
7,38,3,2
7,39,3,2
7,39,3,3
7,0,4,0
7,0,4,1
7,0,4,2
7,1,4,1
7,2,4,2
7,3,4,0
7,3,4,3
7,3,4,4
7,4,4,1
7,4,4,2
7,5,4,0
7,7,4,0
7,7,4,2
7,7,4,3
7,7,4,4
7,8,4,1
7,8,4,2
7,9,4,0
7,10,4,0
7,11,4,0
7,11,4,2
7,11,4,3
7,11,4,4
7,12,4,0
7,12,4,1
7,12,4,2
7,13,4,3
7,14,4,0
7,14,4,1
7,14,4,2
7,15,4,0
7,15,4,1
7,16,4,0
7,16,4,2
7,17,4,0
7,17,4,1
7,17,4,2
7,17,4,3
7,17,4,4
7,18,4,0
7,18,4,1
7,18,4,2
7,19,4,0
7,19,4,1
7,19,4,2
7,19,4,4
7,20,4,1
7,20,4,3
7,20,4,4
7,20,4,5
7,21,4,3
7,21,4,4
7,21,4,5
7,22,4,1
7,22,4,2
7,22,4,3
7,22,4,4
7,22,4,5
7,23,4,3
7,23,4,5
7,24,4,4
7,24,4,5
7,25,4,3
7,25,4,4
7,25,4,5
7,26,4,2
7,27,4,3
7,27,4,4
7,27,4,5
7,28,4,1
7,28,4,2
7,28,4,3
7,28,4,5
7,29,4,5
7,30,4,5
7,31,4,3
7,31,4,4
7,32,4,1
7,32,4,2
7,32,4,3
7,32,4,5
7,34,4,5
7,35,4,3
7,35,4,4
7,36,4,1
7,36,4,2
7,36,4,5
7,37,4,3
7,38,4,4
7,39,4,3
7,39,4,4
7,39,4,5
7,0,5,0
7,0,5,1
7,0,5,2
7,0,5,3
7,0,5,4
7,0,5,5
7,1,5,0
7,1,5,1
7,1,5,5
7,1,5,6
7,1,5,8
7,2,5,0
7,2,5,2
7,2,5,3
7,2,5,5
7,3,5,0
7,3,5,3
7,3,5,6
7,3,5,8
7,4,5,0
7,4,5,3
7,4,5,4
7,4,5,5
7,5,5,0
7,5,5,1
7,5,5,5
7,5,5,6
7,5,5,8
7,6,5,1
7,6,5,3
7,6,5,5
7,6,5,6
7,7,5,0
7,7,5,2
7,7,5,4
7,7,5,6
7,7,5,7
7,7,5,8
7,7,5,9
7,7,5,10
7,8,5,0
7,8,5,1
7,8,5,2
7,8,5,3
7,8,5,4
7,8,5,5
7,9,5,0
7,9,5,1
7,9,5,2
7,9,5,5
7,9,5,6
7,9,5,8
7,10,5,0
7,10,5,2
7,10,5,3
7,10,5,5
7,11,5,0
7,11,5,2
7,11,5,3
7,11,5,4
7,11,5,6
7,11,5,8
7,11,5,10
7,12,5,0
7,12,5,3
7,12,5,5
7,13,5,3
7,13,5,6
7,13,5,8
7,14,5,0
7,14,5,1
7,14,5,2
7,14,5,3
7,14,5,4
7,14,5,5
7,15,5,0
7,15,5,1
7,15,5,4
7,15,5,5
7,15,5,6
7,15,5,8
7,16,5,0
7,16,5,2
7,16,5,3
7,16,5,4
7,16,5,5
7,17,5,0
7,17,5,1
7,17,5,2
7,17,5,3
7,17,5,4
7,17,5,6
7,17,5,8
7,17,5,10
7,18,5,0
7,18,5,3
7,18,5,4
7,18,5,5
7,19,5,0
7,19,5,1
7,19,5,2
7,19,5,4
7,19,5,5
7,19,5,6
7,19,5,8
7,19,5,10
7,20,5,1
7,20,5,3
7,20,5,5
7,20,5,6
7,20,5,7
7,20,5,9
7,20,5,10
7,20,5,11
7,21,5,6
7,21,5,7
7,21,5,8
7,21,5,11
7,22,5,1
7,22,5,3
7,22,5,5
7,22,5,7
7,22,5,8
7,22,5,9
7,22,5,10
7,22,5,11
7,23,5,6
7,23,5,7
7,23,5,8
7,23,5,9
7,23,5,11
7,24,5,3
7,24,5,5
7,24,5,6
7,24,5,7
7,24,5,10
7,24,5,11
7,25,5,6
7,25,5,7
7,25,5,8
7,25,5,9
7,25,5,10
7,25,5,11
7,26,5,3
7,26,5,5
7,26,5,8
7,27,5,6
7,27,5,8
7,27,5,11
7,28,5,1
7,28,5,3
7,28,5,5
7,28,5,7
7,28,5,8
7,28,5,9
7,28,5,11
7,29,5,6
7,29,5,8
7,29,5,9
7,29,5,11
7,30,5,3
7,30,5,5
7,30,5,6
7,30,5,9
7,30,5,10
7,30,5,11
7,31,5,6
7,31,5,7
7,31,5,8
7,31,5,9
7,31,5,10
7,31,5,11
7,32,5,1
7,32,5,2
7,32,5,3
7,32,5,4
7,32,5,5
7,32,5,7
7,32,5,9
7,32,5,11
7,33,5,5
7,33,5,6
7,33,5,8
7,33,5,10
7,34,5,3
7,34,5,5
7,34,5,6
7,34,5,10
7,34,5,11
7,35,5,6
7,35,5,7
7,35,5,8
7,35,5,11
7,36,5,3
7,36,5,5
7,36,5,8
7,36,5,11
7,37,5,6
7,37,5,8
7,37,5,9
7,37,5,11
7,38,5,3
7,38,5,5
7,38,5,6
7,38,5,10
7,38,5,11
7,39,5,6
7,39,5,7
7,39,5,8
7,39,5,9
7,39,5,10
7,39,5,11
7,0,6,0
7,0,6,1
7,0,6,2
7,0,6,3
7,0,6,4
7,0,6,5
7,0,6,7
7,0,6,8
7,0,6,9
7,1,6,0
7,1,6,1
7,1,6,5
7,1,6,6
7,1,6,8
7,2,6,0
7,2,6,2
7,2,6,8
7,2,6,9
7,3,6,0
7,3,6,3
7,3,6,7
7,3,6,10
7,3,6,11
7,3,6,14
7,3,6,16
7,4,6,0
7,4,6,3
7,4,6,4
7,4,6,5
7,4,6,8
7,4,6,9
7,5,6,0
7,5,6,1
7,5,6,5
7,5,6,7
7,6,6,1
7,6,6,6
7,7,6,0
7,7,6,2
7,7,6,4
7,7,6,6
7,7,6,7
7,7,6,9
7,7,6,10
7,7,6,11
7,7,6,14
7,7,6,16
7,7,6,18
7,8,6,0
7,8,6,3
7,8,6,5
7,8,6,7
7,8,6,8
7,8,6,9
7,9,6,0
7,9,6,1
7,9,6,2
7,9,6,7
7,9,6,8
7,10,6,0
7,10,6,2
7,10,6,7
7,10,6,9
7,11,6,0
7,11,6,2
7,11,6,3
7,11,6,4
7,11,6,6
7,11,6,7
7,11,6,9
7,11,6,10
7,11,6,11
7,11,6,14
7,11,6,16
7,11,6,18
7,12,6,0
7,12,6,3
7,12,6,5
7,12,6,7
7,12,6,8
7,12,6,9
7,13,6,3
7,13,6,10
7,13,6,11
7,14,6,0
7,14,6,1
7,14,6,2
7,14,6,3
7,14,6,4
7,14,6,5
7,14,6,7
7,14,6,8
7,14,6,9
7,15,6,0
7,15,6,1
7,15,6,4
7,15,6,5
7,15,6,6
7,15,6,7
7,15,6,8
7,16,6,0
7,16,6,2
7,16,6,4
7,16,6,7
7,16,6,8
7,16,6,9
7,17,6,0
7,17,6,1
7,17,6,2
7,17,6,3
7,17,6,4
7,17,6,6
7,17,6,7
7,17,6,8
7,17,6,9
7,17,6,10
7,17,6,11
7,17,6,13
7,17,6,14
7,17,6,16
7,17,6,18
7,18,6,0
7,18,6,3
7,18,6,4
7,18,6,5
7,18,6,7
7,18,6,8
7,18,6,9
7,19,6,0
7,19,6,1
7,19,6,2
7,19,6,4
7,19,6,5
7,19,6,6
7,19,6,7
7,19,6,8
7,19,6,9
7,19,6,11
7,19,6,13
7,19,6,14
7,19,6,16
7,19,6,18
7,20,6,1
7,20,6,3
7,20,6,5
7,20,6,6
7,20,6,8
7,20,6,10
7,20,6,11
7,20,6,12
7,20,6,13
7,20,6,14
7,20,6,15
7,20,6,17
7,20,6,18
7,20,6,19
7,21,6,10
7,21,6,11
7,21,6,12
7,21,6,14
7,21,6,15
7,21,6,16
7,21,6,19
7,22,6,1
7,22,6,3
7,22,6,5
7,22,6,6
7,22,6,8
7,22,6,9
7,22,6,10
7,22,6,11
7,22,6,12
7,22,6,13
7,22,6,15
7,22,6,16
7,22,6,17
7,22,6,18
7,22,6,19
7,23,6,10
7,23,6,11
7,23,6,12
7,23,6,15
7,23,6,17
7,23,6,19
7,24,6,11
7,24,6,12
7,24,6,13
7,24,6,14
7,24,6,15
7,24,6,18
7,24,6,19
7,25,6,10
7,25,6,11
7,25,6,12
7,25,6,14
7,25,6,15
7,25,6,16
7,25,6,17
7,25,6,18
7,25,6,19
7,26,6,8
7,26,6,9
7,26,6,16
7,27,6,10
7,27,6,11
7,27,6,12
7,27,6,14
7,27,6,16
7,27,6,19
7,28,6,1
7,28,6,3
7,28,6,5
7,28,6,8
7,28,6,9
7,28,6,10
7,28,6,12
7,28,6,13
7,28,6,15
7,28,6,16
7,28,6,17
7,28,6,19
7,29,6,10
7,29,6,12
7,29,6,17
7,29,6,19
7,30,6,11
7,30,6,12
7,30,6,17
7,30,6,18
7,30,6,19
7,31,6,10
7,31,6,11
7,31,6,12
7,31,6,14
7,31,6,16
7,31,6,19
7,32,6,1
7,32,6,3
7,32,6,5
7,32,6,8
7,32,6,9
7,32,6,10
7,32,6,12
7,32,6,13
7,32,6,15
7,32,6,17
7,32,6,19
7,33,6,13
7,33,6,18
7,34,6,12
7,34,6,14
7,34,6,18
7,34,6,19
7,35,6,10
7,35,6,11
7,35,6,14
7,35,6,15
7,35,6,16
7,35,6,19
7,36,6,3
7,36,6,5
7,36,6,8
7,36,6,9
7,36,6,12
7,36,6,16
7,36,6,19
7,37,6,10
7,37,6,11
7,37,6,17
7,37,6,19
7,38,6,11
7,38,6,13
7,38,6,14
7,38,6,18
7,38,6,19
7,39,6,10
7,39,6,11
7,39,6,12
7,39,6,14
7,39,6,15
7,39,6,16
7,39,6,17
7,39,6,18
7,39,6,19
7,0,7,0
7,0,7,1
7,0,7,2
7,0,7,3
7,0,7,4
7,0,7,5
7,0,7,7
7,0,7,8
7,0,7,9
7,0,7,10
7,0,7,11
7,0,7,12
7,0,7,14
7,0,7,15
7,0,7,16
7,0,7,17
7,0,7,18
7,0,7,19
7,1,7,0
7,1,7,1
7,1,7,5
7,1,7,6
7,1,7,9
7,1,7,15
7,1,7,17
7,1,7,19
7,1,7,20
7,1,7,22
7,1,7,28
7,1,7,32
7,2,7,0
7,2,7,2
7,2,7,7
7,2,7,9
7,2,7,10
7,2,7,11
7,2,7,16
7,2,7,17
7,2,7,19
7,3,7,0
7,3,7,3
7,3,7,8
7,3,7,11
7,3,7,13
7,3,7,14
7,3,7,17
7,3,7,20
7,3,7,22
7,3,7,28
7,3,7,32
7,4,7,0
7,4,7,4
7,4,7,7
7,4,7,11
7,4,7,15
7,4,7,16
7,4,7,17
7,4,7,18
7,4,7,19
7,5,7,0
7,5,7,1
7,5,7,5
7,5,7,8
7,5,7,14
7,5,7,19
7,5,7,20
7,5,7,22
7,5,7,28
7,5,7,32
7,6,7,1
7,6,7,6
7,6,7,7
7,6,7,11
7,6,7,17
7,6,7,19
7,6,7,20
7,6,7,22
7,7,7,0
7,7,7,2
7,7,7,4
7,7,7,6
7,7,7,7
7,7,7,8
7,7,7,10
7,7,7,12
7,7,7,14
7,7,7,16
7,7,7,18
7,7,7,20
7,7,7,21
7,7,7,22
7,7,7,23
7,7,7,24
7,7,7,26
7,7,7,27
7,7,7,28
7,7,7,29
7,7,7,30
7,7,7,32
7,7,7,34
7,7,7,36
7,7,7,38
7,8,7,0
7,8,7,3
7,8,7,5
7,8,7,7
7,8,7,8
7,8,7,9
7,8,7,10
7,8,7,11
7,8,7,12
7,8,7,15
7,8,7,16
7,8,7,17
7,8,7,18
7,8,7,19
7,9,7,0
7,9,7,1
7,9,7,2
7,9,7,8
7,9,7,9
7,9,7,14
7,9,7,17
7,9,7,19
7,9,7,20
7,9,7,22
7,9,7,28
7,9,7,32
7,10,7,0
7,10,7,2
7,10,7,7
7,10,7,8
7,10,7,10
7,10,7,11
7,10,7,14
7,10,7,17
7,10,7,19
7,10,7,32
7,11,7,0
7,11,7,2
7,11,7,3
7,11,7,4
7,11,7,6
7,11,7,8
7,11,7,10
7,11,7,11
7,11,7,12
7,11,7,14
7,11,7,16
7,11,7,18
7,11,7,20
7,11,7,22
7,11,7,24
7,11,7,26
7,11,7,28
7,11,7,30
7,11,7,32
7,11,7,34
7,11,7,36
7,11,7,38
7,12,7,0
7,12,7,7
7,12,7,8
7,12,7,11
7,12,7,12
7,12,7,14
7,12,7,17
7,12,7,19
7,12,7,32
7,13,7,3
7,13,7,13
7,13,7,20
7,13,7,22
7,13,7,28
7,13,7,32
7,14,7,0
7,14,7,3
7,14,7,5
7,14,7,7
7,14,7,9
7,14,7,10
7,14,7,11
7,14,7,12
7,14,7,14
7,14,7,15
7,14,7,16
7,14,7,17
7,14,7,18
7,14,7,19
7,15,7,0
7,15,7,1
7,15,7,4
7,15,7,8
7,15,7,14
7,15,7,15
7,15,7,17
7,15,7,19
7,15,7,20
7,15,7,22
7,15,7,28
7,15,7,32
7,16,7,0
7,16,7,2
7,16,7,4
7,16,7,7
7,16,7,8
7,16,7,11
7,16,7,14
7,16,7,16
7,16,7,17
7,16,7,19
7,16,7,32
7,17,7,0
7,17,7,1
7,17,7,2
7,17,7,3
7,17,7,4
7,17,7,6
7,17,7,8
7,17,7,9
7,17,7,10
7,17,7,12
7,17,7,14
7,17,7,15
7,17,7,16
7,17,7,17
7,17,7,18
7,17,7,20
7,17,7,22
7,17,7,24
7,17,7,26
7,17,7,28
7,17,7,30
7,17,7,32
7,17,7,33
7,17,7,34
7,17,7,36
7,17,7,38
7,18,7,0
7,18,7,4
7,18,7,7
7,18,7,8
7,18,7,11
7,18,7,14
7,18,7,17
7,18,7,18
7,18,7,19
7,18,7,32
7,19,7,0
7,19,7,1
7,19,7,2
7,19,7,4
7,19,7,5
7,19,7,6
7,19,7,8
7,19,7,9
7,19,7,10
7,19,7,12
7,19,7,14
7,19,7,15
7,19,7,16
7,19,7,18
7,19,7,19
7,19,7,20
7,19,7,22
7,19,7,24
7,19,7,26
7,19,7,28
7,19,7,30
7,19,7,32
7,19,7,33
7,19,7,34
7,19,7,36
7,19,7,38
7,20,7,1
7,20,7,3
7,20,7,5
7,20,7,6
7,20,7,7
7,20,7,9
7,20,7,11
7,20,7,13
7,20,7,15
7,20,7,17
7,20,7,19
7,20,7,20
7,20,7,21
7,20,7,23
7,20,7,24
7,20,7,25
7,20,7,27
7,20,7,29
7,20,7,30
7,20,7,31
7,20,7,33
7,20,7,34
7,20,7,35
7,20,7,37
7,20,7,38
7,20,7,39
7,21,7,7
7,21,7,20
7,21,7,21
7,21,7,22
7,21,7,25
7,21,7,28
7,21,7,31
7,21,7,32
7,21,7,35
7,21,7,39
7,22,7,1
7,22,7,3
7,22,7,5
7,22,7,6
7,22,7,7
7,22,7,9
7,22,7,11
7,22,7,13
7,22,7,15
7,22,7,17
7,22,7,19
7,22,7,21
7,22,7,22
7,22,7,23
7,22,7,24
7,22,7,25
7,22,7,27
7,22,7,29
7,22,7,30
7,22,7,31
7,22,7,33
7,22,7,35
7,22,7,36
7,22,7,37
7,22,7,38
7,22,7,39
7,23,7,7
7,23,7,20
7,23,7,22
7,23,7,23
7,23,7,25
7,23,7,28
7,23,7,31
7,23,7,32
7,23,7,35
7,23,7,37
7,23,7,39
7,24,7,7
7,24,7,11
7,24,7,17
7,24,7,19
7,24,7,20
7,24,7,22
7,24,7,24
7,24,7,25
7,24,7,31
7,24,7,35
7,24,7,38
7,24,7,39
7,25,7,20
7,25,7,21
7,25,7,22
7,25,7,23
7,25,7,24
7,25,7,25
7,25,7,27
7,25,7,28
7,25,7,29
7,25,7,30
7,25,7,32
7,25,7,34
7,25,7,36
7,25,7,39
7,26,7,7
7,26,7,11
7,26,7,17
7,26,7,19
7,26,7,26
7,26,7,36
7,27,7,7
7,27,7,20
7,27,7,22
7,27,7,25
7,27,7,27
7,27,7,28
7,27,7,31
7,27,7,32
7,27,7,39
7,28,7,1
7,28,7,3
7,28,7,5
7,28,7,7
7,28,7,9
7,28,7,11
7,28,7,13
7,28,7,15
7,28,7,17
7,28,7,19
7,28,7,21
7,28,7,23
7,28,7,25
7,28,7,27
7,28,7,28
7,28,7,29
7,28,7,31
7,28,7,33
7,28,7,35
7,28,7,36
7,28,7,37
7,28,7,39
7,29,7,7
7,29,7,20
7,29,7,22
7,29,7,25
7,29,7,28
7,29,7,29
7,29,7,31
7,29,7,32
7,29,7,37
7,29,7,39
7,30,7,7
7,30,7,11
7,30,7,17
7,30,7,19
7,30,7,20
7,30,7,22
7,30,7,25
7,30,7,30
7,30,7,31
7,30,7,37
7,30,7,38
7,30,7,39
7,31,7,20
7,31,7,21
7,31,7,22
7,31,7,23
7,31,7,24
7,31,7,27
7,31,7,28
7,31,7,29
7,31,7,30
7,31,7,31
7,31,7,32
7,31,7,34
7,31,7,36
7,31,7,39
7,32,7,1
7,32,7,3
7,32,7,5
7,32,7,7
7,32,7,9
7,32,7,10
7,32,7,11
7,32,7,12
7,32,7,13
7,32,7,15
7,32,7,16
7,32,7,17
7,32,7,18
7,32,7,19
7,32,7,21
7,32,7,23
7,32,7,25
7,32,7,27
7,32,7,29
7,32,7,31
7,32,7,32
7,32,7,33
7,32,7,35
7,32,7,37
7,32,7,39
7,33,7,17
7,33,7,19
7,33,7,20
7,33,7,22
7,33,7,28
7,33,7,32
7,33,7,33
7,33,7,38
7,34,7,7
7,34,7,11
7,34,7,17
7,34,7,19
7,34,7,20
7,34,7,25
7,34,7,31
7,34,7,34
7,34,7,38
7,34,7,39
7,35,7,20
7,35,7,21
7,35,7,22
7,35,7,23
7,35,7,24
7,35,7,28
7,35,7,32
7,35,7,35
7,35,7,39
7,36,7,7
7,36,7,11
7,36,7,17
7,36,7,19
7,36,7,22
7,36,7,25
7,36,7,26
7,36,7,28
7,36,7,31
7,36,7,36
7,36,7,39
7,37,7,20
7,37,7,22
7,37,7,23
7,37,7,28
7,37,7,29
7,37,7,30
7,37,7,32
7,37,7,37
7,37,7,39
7,38,7,7
7,38,7,11
7,38,7,17
7,38,7,19
7,38,7,20
7,38,7,22
7,38,7,24
7,38,7,30
7,38,7,33
7,38,7,34
7,38,7,38
7,38,7,39
7,39,7,20
7,39,7,21
7,39,7,22
7,39,7,23
7,39,7,24
7,39,7,25
7,39,7,27
7,39,7,28
7,39,7,29
7,39,7,30
7,39,7,31
7,39,7,32
7,39,7,34
7,39,7,35
7,39,7,36
7,39,7,37
7,39,7,38
7,39,7,39
